id	p_val	avg_log2FC	pct.1	pct.2	p_val_adj
Cpne5	1.98E-08	0.048158563	0.968	0.5	3.96E-05
Fam46a	4.36E-08	0.081879083	0.968	0.444	8.73E-05
Taf6l	4.03E-07	0.010399085	0.952	0.5	0.000806803
Nfil3	6.00E-07	0.129172867	0.919	0.556	0.00119919
Dmwd	6.49E-07	0.000336652	0.694	0	0.001297085
Snai2	7.17E-07	0.011249311	0.919	0.5	0.001433529
Comp	9.62E-07	0.005449913	0.806	0	0.001924812
Slc43a3	1.45E-06	0.007644631	0.903	0.556	0.002893743
AABR07036331.2	1.70E-06	0.004349103	0.694	0	0.003407801
C1qc	2.72E-06	0.000149367	0.694	0	0.005435301
RatNP-3b	2.72E-06	0.000193283	0.694	0	0.005435301
Zfp260	2.72E-06	0.002187089	0.694	0	0.005435301
RT1-T24-4	2.72E-06	0.000746555	0.694	0	0.005435301
Sgo1	2.72E-06	0.004554734	0.694	0	0.005435301
Prex1	2.76E-06	0.00052601	0.677	0	0.005513844
Il31ra	3.10E-06	0.097796853	0.694	0	0.006200235
Lrrfip1	3.21E-06	0.206934869	0.952	0.5	0.006415326
Sostdc1	3.59E-06	0.00260903	0.758	0	0.007173365
S1pr2	3.59E-06	0.071253284	0.935	0.556	0.007182721
Gpc3	4.17E-06	0.000375132	0.677	0	0.008331473
Lmod1	4.17E-06	0.001549388	0.677	0	0.008331473
Sgo2	4.68E-06	0.000375981	0.645	0	0.009360345
Aspa	4.92E-06	0.000864671	0.677	0	0.009839978
Baiap2l1	5.00E-06	0.096852701	0.935	0.5	0.009997742
Ebi3	5.58E-06	0.003396354	0.71	0	0.011156226
S1pr1	5.58E-06	0.004452539	0.726	0	0.011156226
Calcrl	5.70E-06	0.060235959	0.661	0	0.011393276
AC131360.1	5.89E-06	0.002510698	0.71	0	0.011782617
Rin2	7.32E-06	0.005877709	0.887	0.5	0.014641471
Zfp503	7.73E-06	-0.132464809	0.952	0.611	0.015453676
Fbrsl1	7.73E-06	0.000398069	0.677	0	0.015454188
Lrrk2	7.73E-06	0.000992935	0.677	0	0.015454188
Lrfn3	7.73E-06	0.000329848	0.677	0	0.015454188
Flt1	8.15E-06	0.000933672	0.71	0	0.016308853
Pmfbp1	8.15E-06	0.0627399	0.903	0.444	0.016308853
LOC102555217	1.07E-05	0.000362032	0.613	0	0.021310208
AABR07060862.1	1.12E-05	0.001070738	0.661	0	0.022470323
Cyyr1	1.16E-05	0.111557515	0.742	0	0.023279897
Ddit4l2	1.18E-05	0.105358641	0.984	0.611	0.02369262
Polk	1.26E-05	0.054010383	0.806	0.167	0.025240112
ENSRNOG00000054774	1.28E-05	0.000535165	0.661	0	0.025690589
Stk35	1.32E-05	5.98E-05	0.694	0	0.026330221
Plxnd1	1.32E-05	0.033749077	0.952	0.611	0.026330221
Zfhx3	1.46E-05	0.014374599	0.935	0.333	0.029246541
Itsn1	1.46E-05	-0.259006035	0.871	0.167	0.029246541
Sh2d1a	1.47E-05	0.008543246	0.129	0.5	0.029371182
Ccdc138	1.48E-05	0.00148287	0.726	0.056	0.029651636
Slc8b1	1.51E-05	-0.224381487	0.871	0.111	0.030119391
Hoxb2	1.53E-05	0.007540677	0.903	0.5	0.030531852
Atad5	1.54E-05	0.073886546	0.161	0.5	0.030817792
Fmo2	1.62E-05	0.003120017	0.726	0	0.032469321
ENSRNOG00000032605	1.80E-05	0.803058179	0.839	0.111	0.03602887
Lrrn4cl	1.80E-05	0.005323766	0.71	0	0.03602887
AABR07053516.1	1.83E-05	-0.000436091	0.71	0	0.036616136
Nov	1.84E-05	0.03140946	0.952	0.556	0.036825112
AABR07016934.1	1.90E-05	0.009532394	0.984	0.611	0.037945163
Adora2b	1.92E-05	-0.000420633	0.629	0	0.038452302
RGD1309621	1.95E-05	-0.170027592	0.984	0.667	0.039061989
Plvap	1.97E-05	0.002385228	0.726	0.056	0.039320331
Top2a	2.10E-05	0.001259172	0.661	0	0.041971349
Mgp	2.10E-05	0.063041449	0.661	0	0.041971349
Acer2	2.10E-05	0.003149831	0.661	0	0.041971349
Zfp964	2.10E-05	0.014014386	0.661	0	0.041971349
Sncaip	2.10E-05	0.005291928	0.726	0	0.042072871
Ndst3	2.22E-05	0.000401883	0.694	0.056	0.044358433
Gpatch4	2.33E-05	0.008742505	0.855	0.167	0.046625857
Dusp2	2.33E-05	0.001437959	0.661	0	0.046625857
Ifih1	2.45E-05	-0.031603034	0.871	0.5	0.049074548
Nppc	2.50E-05	-0.002700147	0.71	0.056	0.050009406
Cd7	2.58E-05	0.003956228	0.645	0	0.051645271
Hlx	2.60E-05	-0.000969106	0.629	0	0.05194401
Zfp354c	2.70E-05	0.022238636	0.758	0.056	0.054086327
Ctsk	2.72E-05	0.000853079	0.645	0	0.054343748
Ctxn3	2.72E-05	0.120899915	0.677	0	0.054343748
Atp13a4	3.01E-05	0.002420939	0.629	0	0.060148117
Bub1	3.05E-05	0.000163609	0.645	0	0.061090623
Otc	3.16E-05	0.002506373	0.661	0	0.063266743
Bard1	3.22E-05	7.11E-05	0.645	0	0.064412629
Acot1	3.23E-05	0.17764169	0.677	0.056	0.064579219
Sorcs2	3.30E-05	-0.001167437	0.71	0.056	0.065906114
Ibsp	3.40E-05	-0.001005147	0.645	0	0.067905799
Abraxas1	3.50E-05	-0.002965574	0.323	0.611	0.069970801
Zfp52	3.67E-05	0.00109397	0.661	0	0.073484702
Ifit3	3.68E-05	0.000933753	0.726	0.056	0.073570685
Tmem164	3.68E-05	-0.259387893	0.968	0.556	0.073570685
Exosc3	3.70E-05	0.064556481	0.661	0	0.073986974
Lmo7	3.71E-05	-0.000645932	0.661	0	0.074202896
Fgf7	4.07E-05	0.000923112	0.597	0	0.08130463
Klhdc8b	4.07E-05	0.110188213	0.984	0.556	0.08130463
Gramd1b	4.07E-05	0.07934733	0.677	0	0.08130463
Sox15	4.41E-05	0.001439582	0.694	0.056	0.088242313
Nmu	4.72E-05	0.004523263	0.629	0	0.094366454
Ado	4.72E-05	-0.000162377	0.323	0.611	0.094366454
Myh11	4.96E-05	-0.007192658	0.339	0.611	0.099145932
Ednrb	4.96E-05	0.152298183	0.161	0.444	0.099145932
Arntl	4.96E-05	0.001776764	0.677	0	0.099145932
Pcnx2	5.21E-05	0.064714368	0.645	0	0.104154273
Rassf7	5.21E-05	0.007443224	0.855	0.222	0.104154273
Mylip	5.21E-05	0.178940162	0.903	0.556	0.104154273
Slc30a2	5.21E-05	6.85E-05	0.677	0.056	0.104201534
Cldn19	5.43E-05	-0.000122441	0.694	0.056	0.108543221
Zfp300	5.44E-05	-0.003911456	0.645	0	0.108895735
Npw	5.44E-05	8.94E-05	0.645	0	0.108895735
Ramp1	5.47E-05	0.000625104	0.694	0.056	0.109401738
Tifa	5.47E-05	-0.013377792	0.177	0.389	0.109401738
St5	5.59E-05	7.45E-06	0.581	0	0.111711794
Cox15	5.61E-05	0.002458757	0.677	0.111	0.11211701
Pnoc	5.74E-05	0.001139778	0.629	0	0.114899013
Fli1	5.74E-05	0.129787341	0.661	0	0.114899013
Dact1	5.74E-05	-0.2442149	0.742	0.111	0.114899013
Gfm2	5.74E-05	0.054072564	0.984	0.611	0.114899013
Gem	6.03E-05	0.000428441	0.694	0	0.120657226
Abca8	6.03E-05	-0.000643923	0.677	0	0.120657226
Nme5	6.33E-05	0.001672878	0.742	0.056	0.126687961
Ptchd1	6.65E-05	0.005407817	0.71	0	0.133003277
AABR07036336.1	6.65E-05	0.00226746	0.661	0	0.133003277
Il17rb	6.65E-05	0.000822736	0.645	0	0.133003277
Slitrk2	6.83E-05	0.006193573	0.661	0.056	0.136514359
Necab2	6.98E-05	0.090615923	0.742	0.056	0.139615725
Mettl25	7.06E-05	-0.001538713	0.177	0.556	0.141144662
LOC691995	7.17E-05	0.141386028	0.935	0.611	0.143429523
Wdr20	7.33E-05	0.069712528	0.823	0.278	0.146538363
Ube2c	7.69E-05	-0.000583797	0.629	0	0.15378478
Gda	8.07E-05	0.028153691	0.919	0.556	0.161369111
Uap1l1	8.07E-05	-0.144291668	0.758	0.167	0.161369111
Scgn	8.28E-05	0.000248199	0.597	0	0.165546365
Lrriq1	8.29E-05	-0.34536654	0.952	0.667	0.165738183
Exd2	8.47E-05	0.02697273	0.71	0	0.169306061
AABR07017159.1	8.62E-05	0.001064246	0.677	0	0.172446236
Emcn	8.67E-05	0.085927528	0.871	0.167	0.173428947
Myof	9.19E-05	0.002893809	0.548	0	0.183760302
Plscr1	9.25E-05	-0.001220036	0.645	0	0.184949857
Ucn2	9.57E-05	-3.12E-05	0.71	0.056	0.191496164
Calb2	9.77E-05	0.000743709	0.694	0.056	0.195388586
Unc13b	9.77E-05	0.000526598	0.645	0	0.195388586
Vps25	9.77E-05	0.002391241	0.694	0	0.195388586
Mab21l2	0.000102448	0.102384625	0.968	0.444	0.204895108
Rxfp1	0.000103577	0.001725275	0.694	0.056	0.207154549
Abcb1b	0.000107419	0.188699213	0.79	0.222	0.214837008
Cecr2	0.000107419	0.002383058	0.694	0.056	0.214837008
Arhgap24	0.000112616	-0.146852643	0.71	0.056	0.225232845
Fbxo32	0.000112616	0.048620785	0.968	0.611	0.225232845
Tjp2	0.000115659	0.000531942	0.677	0.056	0.231317879
Taf7	0.000121172	-0.045544849	0.984	0.611	0.242343065
Tfpi2	0.000123732	0.001390792	0.661	0	0.247464203
Cenpw	0.000123732	0.005132965	0.79	0.111	0.247464203
C1qb	0.000127634	0.000746228	0.677	0.056	0.25526853
AABR07060487.1	0.00012967	0.208450561	0.726	0.111	0.259340562
Eng	0.000130742	0.046862607	0.661	0.056	0.261483615
Tfeb	0.000134979	-0.003132059	0.629	0	0.269957303
Lef1	0.000135876	0.008613111	0.823	0.111	0.271752583
Bco1	0.000135876	0.00242103	0.548	0	0.271752583
Ndor1	0.000142361	0.12894073	0.161	0.278	0.284722703
Ppp1r42	0.000142361	0.00291125	0.871	0.167	0.284722703
Pip	0.000146188	-0.012044699	0.613	0	0.292375166
Inhba	0.000149137	0.12377681	0.21	0.444	0.298274216
Ccl3	0.000149137	0.00056223	0.677	0	0.298274216
Crip1	0.000149137	-0.070499845	0.968	0.611	0.298274216
Mgst2	0.000149137	-0.18036007	0.661	0.056	0.298274216
Layn	0.000149137	0.001045113	0.661	0	0.298274216
Dtwd1	0.000149137	-0.381332413	0.629	0.056	0.298274216
Nrgn	0.00015409	0.000427176	0.548	0	0.308180724
Clcn5	0.000156067	0.011674903	0.71	0.167	0.312134654
Foxs1	0.000179396	0.001872888	0.661	0	0.358791719
Tstd1	0.000179396	0.012833439	0.968	0.556	0.358791719
Rbp2	0.000187816	0.015668404	0.952	0.556	0.37563168
Atp11b	0.000196606	0.092384509	0.726	0.056	0.393212479
Gap43	0.000202607	-0.785159824	0.984	1	0.405213962
AABR07019088.1	0.000205782	0.000110159	0.29	0.611	0.411564269
Perp	0.000215359	0.168424753	0.839	0.556	0.430718316
Ercc6	0.000225354	0.003962412	0.726	0.111	0.450707035
AABR07001905.2	0.000233911	0.000424864	0.629	0.056	0.467821073
Bhlhe40	0.000235782	0.190857825	0.661	0	0.471564026
Lyve1	0.000235782	0.001479658	0.629	0	0.471564026
Cdkn3	0.000241734	-0.330343008	0.952	0.667	0.483468207
Npy5r	0.000247282	0.077455026	0.645	0.056	0.494564228
Tmem229a	0.000258012	-0.015470925	0.339	0.611	0.516023387
Ap1g2	0.000260057	0.000569801	0.548	0	0.520113043
Psmb9	0.000268039	0.17974417	0.839	0.167	0.536077968
Agl	0.00026985	0.211012997	0.71	0.056	0.539699234
Ina	0.000282195	-0.525599427	0.968	0.611	0.564390387
RGD1359508	0.000282195	-0.002908004	0.242	0.556	0.564390387
Fosl1	0.000287711	0.052344527	0.677	0	0.575421157
Abi3bp	0.000295068	0.062321159	0.726	0.056	0.590136966
Etv4	0.000295068	-0.001239447	0.661	0	0.590136966
Pltp	0.000319786	0.041316229	0.613	0	0.639572594
Il15ra	0.000319952	0.000885862	0.726	0.056	0.63990351
Stc1	0.000322482	-0.049357	0.597	0.056	0.644964063
Hoxb5	0.000322482	0.196660757	0.79	0.389	0.644964063
Hbb	0.000337066	-0.30953016	0.839	0.111	0.674132138
Cby3	0.000337066	-0.159357202	0.694	0.056	0.674132138
Metrnl	0.000345549	-0.001268504	0.726	0.111	0.691098103
Daglb	0.000368104	-0.200690785	0.645	0.056	0.736207891
Calm1	0.000378785	-0.449835762	1	1	0.757569926
Zfp28	0.000384093	-0.139917615	0.581	0.056	0.768185203
Txndc16	0.000384606	-0.192199671	0.565	0.056	0.769212653
Atp2b4	0.000393983	-0.283563769	0.968	0.556	0.787966679
AC141102.1	0.000396095	0.065775397	0.645	0	0.79218901
Fyb1	0.000401606	0.000256573	0.532	0	0.803212463
Bst2	0.000406187	0.008966409	0.581	0	0.81237307
Icam2	0.000419706	0.10817135	0.597	0	0.839411404
Npy1r	0.000419706	0.188289113	0.935	0.611	0.839411404
Prdm1	0.000419706	0.108166589	0.597	0	0.839411404
AABR07001910.1	0.000437677	-0.003177791	0.597	0	0.875353042
Lpar6	0.000438356	0.472567289	0.645	0	0.876712885
Prc1	0.000438356	0.065165597	0.597	0	0.876712885
Col3a1	0.000450495	0.002645174	0.694	0.111	0.900990036
Btd	0.000457779	0.113666695	0.306	0.5	0.915557172
Actr5	0.000458225	0.009851143	0.226	0.5	0.916449875
Zfp37	0.000468797	-0.168973167	0.968	0.667	0.93759366
Ets2	0.000478001	0.043908311	0.935	0.611	0.956002701
Slit3	0.000478001	0.061078101	0.371	0.611	0.956002701
AABR07052486.1	0.000487999	0.000553088	0.629	0.056	0.975998958
Slc25a15	0.000489469	-0.22926391	0.968	0.667	0.978938295
Ezh2	0.000499055	0.365828957	0.694	0.056	0.998109883
Rgs5	0.000500458	-0.006924887	0.597	0	1
Arid5a	0.000518558	0.000659089	0.71	0.111	1
Col28a1	0.000520971	-0.0101182	0.661	0.056	1
Rft1	0.000525587	-0.000737017	0.645	0	1
Map3k8	0.000543781	-0.003249896	0.71	0.056	1
Krba1	0.000543781	0.090136998	0.887	0.333	1
Cldn16	0.000543781	0.002958499	0.645	0	1
AABR07021544.1	0.000553228	0.059604306	0.581	0.056	1
Cmpk2	0.0005567	-0.57301299	0.968	0.556	1
Jmjd1c	0.000567518	-0.511342847	0.935	0.444	1
Plcd3	0.000567518	6.34E-05	0.629	0	1
Pimreg	0.000567518	0.000715364	0.581	0	1
Tfr2	0.000592218	-0.002887701	0.419	0.611	1
Sox5	0.000632532	0.000260546	0.726	0.056	1
Rdh10	0.000635134	0.015815379	0.629	0.056	1
Ccdc149	0.000650869	0.000129761	0.694	0.056	1
Gimap9	0.000672451	0.122475287	0.613	0	1
Plxna2	0.000672451	0.012675042	0.677	0.056	1
Csrnp1	0.000672451	0.121127445	0.629	0	1
AABR07018078.1	0.000724203	0.005813155	0.597	0	1
Mef2c	0.000731435	0.080712671	0.581	0	1
Serping1	0.000731435	0.073828038	0.29	0.556	1
Cited1	0.000736613	-0.005530149	0.613	0.056	1
Gatb	0.000742625	0.001501896	0.919	0.444	1
Ccdc68	0.000748416	-0.397890176	0.984	0.667	1
Arhgef18	0.000762696	-0.271280917	0.661	0.056	1
Dot1l	0.000795194	-0.000513135	0.661	0.056	1
Dusp18	0.000795194	0.001884706	0.323	0.556	1
Zfp512	0.000795194	-0.349999719	0.758	0.167	1
Cyba	0.000800888	0.084526758	0.677	0.278	1
ENSRNOG00000047321	0.000828974	-0.946566197	0.726	0.167	1
Plekhb1	0.000828974	0.129963095	0.242	0.278	1
Asic1	0.000828974	0.037978169	0.823	0.389	1
Capn10	0.000828974	0.149852545	0.565	0.056	1
Slc9a3r2	0.000848029	0.299248156	0.726	0.111	1
Sectm1b	0.000859598	0.076349847	0.468	0	1
Cd74	0.000900561	0.00033047	0.645	0	1
Litaf	0.000900561	-0.094705625	0.71	0.111	1
Ankrd39	0.000902194	0.000213712	0.565	0	1
Scgb1a1	0.000922298	0.002289372	0.597	0.056	1
Cdkn2c	0.000927509	-0.009542568	0.226	0.333	1
Nudt15	0.000938465	0.028352395	0.677	0.056	1
Kif20b	0.000977843	0.100172805	0.581	0	1
Zfp385a	0.000977843	0.075344634	0.742	0.278	1
Stx1a	0.001000019	-0.225056867	0.935	0.556	1
Atp2b2	0.001018746	-0.254591171	0.242	0.278	1
Mdm2	0.001018746	0.108215483	0.306	0.556	1
Myo3a	0.001018746	0.002990239	0.661	0	1
Rbbp6	0.001041772	0.503770036	0.952	0.611	1
Pi16	0.0010467	0.00107202	0.548	0	1
Tgds	0.001056379	0.000884979	0.629	0.056	1
Neb	0.001056978	-0.001699807	0.694	0.111	1
Bud13	0.001061227	-0.002435387	0.645	0	1
Apold1	0.001062665	0.001376241	0.629	0	1
Rgs9	0.001102476	0.051249786	0.581	0	1
Zfp46	0.001105342	0.000866409	0.516	0	1
Kcnk1	0.001105342	0.020505157	0.758	0.278	1
Gulp1	0.001118664	-0.11497374	0.677	0.056	1
Tpm2	0.001124693	0.053638568	0.661	0.056	1
Wdr17	0.001151148	-0.256900852	0.984	0.611	1
Fcgbp	0.001171589	0.00276895	0.629	0	1
Tyk2	0.001198703	-0.00348431	0.371	0.611	1
Mbd4	0.001198703	-0.230442995	0.774	0.333	1
Cdh9	0.001198703	0.005599546	0.629	0.056	1
Gjc1	0.001225486	0.001398134	0.419	0	1
Slfn4	0.00124692	-0.003365628	0.565	0.056	1
Igtp	0.001248067	0.151121843	0.629	0.056	1
Ctgf	0.001299302	-0.003895303	0.661	0.056	1
Vcam1	0.001306088	-0.002284835	0.629	0.056	1
Jag1	0.001308172	0.065295318	0.661	0	1
Slc39a10	0.001329902	0.097477203	0.823	0.333	1
Mdk	0.001352473	-0.024998696	0.339	0.5	1
Agk	0.001352473	0.175629622	0.565	0	1
Larp1	0.001352473	0.279960919	0.581	0	1
Fxyd7	0.001387361	-0.532455283	1	1	1
Ctnnal1	0.001407644	0.117676419	0.629	0	1
Pde2a	0.001496989	-0.056619571	0.887	0.556	1
S100a9	0.001524261	-0.017572073	0.29	0.389	1
Rasef	0.001524261	0.25019671	0.581	0	1
Lyz2	0.001546756	0.011707713	0.323	0.556	1
Cdc20	0.001568098	7.74E-05	0.581	0	1
Smagp	0.001568098	0.025695356	0.581	0	1
Zfp691	0.001573111	-0.002096128	0.629	0	1
Arpp21	0.001585849	-0.136451349	0.613	0.056	1
ENSRNOG00000030871	0.001585849	0.170874626	0.984	0.611	1
Ccnd1	0.001649721	0.019662566	0.355	0.611	1
Grxcr2	0.001649721	0.187504669	0.419	0.611	1
Rbm27	0.001649721	0.073998351	0.452	0.611	1
Atg2b	0.001649721	0.007313373	0.968	0.611	1
Gab1	0.001649721	0.088895851	0.387	0.611	1
Rasl11a	0.00175304	-0.147847166	0.871	0.667	1
S100a4	0.00178462	1.079975434	0.565	0.111	1
Oasl2	0.00178462	0.300034403	0.597	0	1
RT1-A1	0.001855807	0.307441611	0.726	0.111	1
Wdr60	0.001895638	-0.101049653	0.742	0.111	1
LOC100912373	0.001929594	0.007781031	0.597	0	1
Gcnt1	0.002019733	0.009860338	0.597	0.056	1
Hsbp1l1	0.00208531	0.183142045	0.871	0.611	1
Tnfaip6	0.002167416	0.170746648	0.613	0	1
Reg3a	0.002167416	0.08318176	0.952	0.611	1
Tac3	0.002167416	0.096733064	0.565	0	1
Cd34	0.002167416	0.034197491	0.984	0.611	1
Il1b	0.002186481	0.008879119	0.694	0.111	1
Gbp5	0.002230818	-0.009922845	0.629	0.056	1
Rims1	0.002252476	0.013871295	0.968	0.556	1
Tmcc2	0.002252476	0.043306977	0.968	0.611	1
Prpf8	0.002252476	-0.155009743	0.645	0.056	1
AABR07054361.1	0.002380738	-0.126757688	0.694	0.111	1
Pmp2	0.002389764	0.687070443	0.935	0.556	1
Nnat	0.002431839	-0.673845553	0.79	0.167	1
Bgn	0.002431839	0.0380158	0.935	0.611	1
Epb41l2	0.002431839	-0.049875545	0.323	0.611	1
Gpr37l1	0.002431839	0.020913863	0.903	0.611	1
Alox5ap	0.002431839	0.116608124	0.694	0.333	1
Panx3	0.002431839	0.001383604	0.645	0.056	1
Kcnmb2	0.002482754	0.376367789	0.677	0.056	1
Hmgcr	0.002526339	0.445054193	0.581	0	1
Med12l	0.002526339	0.016446009	0.323	0.389	1
LOC102549817	0.002526339	0.00332032	0.484	0	1
Kctd15	0.002526339	0.000665204	0.597	0	1
Col1a1	0.002619436	-0.007825605	0.613	0.056	1
Fam76a	0.002624187	0.146399819	0.5	0	1
ENSRNOG00000061528	0.002683492	0.019902644	0.694	0.278	1
Chic1	0.002725488	0.095388602	0.581	0	1
Lime1	0.002848182	0.00010538	0.403	0	1
Hoxc8	0.002861821	0.011527444	0.645	0.111	1
Hpcal4	0.002970996	0.000338014	0.855	0.333	1
Spc24	0.003051202	0.218748573	0.565	0.056	1
Tysnd1	0.003051202	-0.007116836	0.194	0.444	1
Cenpm	0.003051202	0.000875201	0.548	0	1
Dlg2	0.003051202	0.026220187	0.774	0.333	1
Cacna1d	0.003073615	0.001585469	0.194	0.333	1
Aebp1	0.003167423	0.03936371	0.613	0	1
Rgs16	0.003247288	0.117512271	0.565	0	1
Irgm	0.003287665	0.017228131	0.645	0.056	1
Unc5b	0.003287665	0.00090602	0.306	0.556	1
Nupl2	0.003287665	0.037458558	0.871	0.556	1
Map4k5	0.003287665	0.040590444	0.935	0.611	1
AABR07034362.2	0.003287665	0.149450686	0.629	0.056	1
Pcp4	0.003354534	-0.084509864	0.742	0.111	1
Adgrg2	0.003412051	0.158251945	0.387	0.556	1
Fsip1	0.003468955	-0.000731691	0.726	0.111	1
Maip1	0.003540707	-0.17159963	0.694	0.111	1
Sox2	0.003673762	0.158674264	0.581	0	1
Pdzrn3	0.003714436	-0.13040905	0.645	0.056	1
Sct	0.003747666	-0.375543654	0.613	0.111	1
Zfp608	0.003811348	-0.111919003	0.613	0.056	1
Lrp12	0.003811348	0.094996504	0.581	0	1
Apbb1ip	0.003824082	0.000608437	0.355	0	1
Acta2	0.003849758	-0.001564158	0.548	0.056	1
Mmrn2	0.0038728	-0.00118619	0.548	0	1
Mphosph9	0.0039218	0.000266674	0.71	0.333	1
AC141169.2	0.0039536	-0.15505035	0.597	0.056	1
Slc51a	0.0039536	-0.268037854	0.661	0.111	1
Abcg3l3	0.0039536	0.002187008	0.887	0.5	1
Cdh8	0.0039536	0.003079182	0.742	0.167	1
ENSRNOG00000034161	0.004043758	-1.395682845	0.952	0.833	1
RGD1564053	0.004100657	0.184174388	0.435	0	1
Rtn1	0.004194667	-0.470976581	0.984	1	1
Adgrf5	0.004204298	0.066482786	0.468	0.056	1
Aif1l	0.004293041	0.000648867	0.435	0	1
Rsph9	0.004300972	-0.016973928	0.597	0	1
Stmn2	0.004349745	-0.369582239	1	1	1
Bcat1	0.004428754	-0.649433553	0.935	0.889	1
Arhgap15	0.004662043	-0.1878077	0.984	0.667	1
Resp18	0.004675592	-0.49254641	0.968	1	1
Trim7	0.00468522	0.03969285	0.548	0	1
Slc16a13	0.004739827	0.003284554	0.887	0.556	1
Hoxc9	0.004739827	0.311785124	0.226	0.278	1
RF00030	0.004739827	0.094696118	0.597	0	1
Rhoj	0.00491311	0.172416329	0.387	0.556	1
Grap	0.00491311	0.102845668	0.516	0	1
Myoc	0.005010572	9.65E-05	0.339	0	1
AABR07034438.1	0.005040579	0.085123157	0.355	0.5	1
Stmn1	0.005111051	-0.904411142	0.871	0.833	1
Fbxo30	0.00527697	-0.117950208	0.661	0.111	1
Slc39a8	0.005428699	0.000387699	0.516	0	1
Sst	0.00557344	1.107079092	0.661	0.056	1
Ccl7	0.00557344	-0.077707282	0.371	0.611	1
Ugt8	0.005738962	0.039112513	0.532	0	1
Baz1a	0.005868507	0.090445033	0.597	0.056	1
Dclre1a	0.005868507	0.058412316	0.274	0.278	1
Fam92b	0.006078582	0.028666841	0.661	0.278	1
Cx3cl1	0.006210022	0.034888872	0.629	0.056	1
Cav2	0.006295407	0.031840543	0.887	0.611	1
Tek	0.006295407	-0.198264144	0.613	0.056	1
Irf7	0.006295407	-0.068478251	0.613	0.056	1
Mia	0.006433413	0.03986681	0.581	0.056	1
Myo1b	0.006519169	0.051768103	0.258	0.222	1
Dbf4	0.006519169	0.000186554	0.548	0	1
Fam89a	0.006750059	0.002712291	0.565	0.056	1
Scarb1	0.006750059	0.037547166	0.613	0	1
Mfap3l	0.006750059	0.126067957	0.548	0	1
Pip5k1b	0.00676591	-0.408667164	0.887	0.611	1
Ckap2	0.006988273	-0.003866209	0.306	0.333	1
Cfi	0.006988273	0.300123116	0.968	0.611	1
Lsr	0.006988273	-0.008228757	0.645	0.056	1
Gria4	0.00723401	0.125386856	0.839	0.556	1
Elmsan1	0.00723401	0.000941135	0.677	0.056	1
Xk	0.00723401	0.188175995	0.468	0	1
Pstpip1	0.00723401	0.236255889	0.548	0.111	1
Pou3f2	0.007298812	0.000273989	0.532	0	1
Krt7	0.007487474	0.038978197	0.726	0.278	1
Mns1	0.007487474	0.05998213	0.29	0.389	1
Rtn2	0.007487474	0.181265801	0.29	0.167	1
Mmd2	0.007748874	0.03800695	0.758	0.444	1
Slc18a2	0.007748874	0.007649209	0.532	0	1
Tmem233	0.008296335	0.147235754	0.435	0	1
Tom1l1	0.008601907	-0.281280226	0.694	0.222	1
G0s2	0.008878146	-0.209716941	0.516	0.056	1
Creld2	0.008878146	0.178136934	0.274	0.222	1
Igfbp6	0.008878146	0.117722916	0.419	0.556	1
Hspb3	0.008878146	-0.001644319	0.677	0.111	1
Dcxr	0.008878146	0.083433493	0.935	0.611	1
Tnfrsf1b	0.008907178	-0.002536821	0.516	0	1
Nuf2	0.009182502	0.001478726	0.871	0.5	1
Ndrg1	0.009182502	0.134415947	0.597	0.056	1
Gsta4	0.009182502	0.114056244	0.355	0.556	1
Bcas1	0.009235146	0.073161303	0.258	0.278	1
Tbc1d30	0.009349764	0.091448605	0.742	0.278	1
Cdh5	0.009496136	-0.010852172	0.823	0.222	1
Sp110	0.009516736	-0.527283682	0.258	0.222	1
Trib3	0.009819289	-0.142904657	0.984	0.611	1
Zfp128	0.009819289	0.064578707	0.323	0.5	1
Cyb5r1	0.010021206	-0.521415488	0.952	1	1
Rasd1	0.010152204	-0.000555592	0.597	0	1
Cbln2	0.010495133	0.014648955	0.677	0.278	1
Zeb2	0.010495133	0.105065523	0.742	0.167	1
Col14a1	0.010495133	0.119755153	0.677	0.056	1
LOC103694857	0.010848328	0.147488876	0.435	0	1
Rab6b	0.011067936	-0.54865719	0.903	0.944	1
Prx	0.011136934	0.00034336	0.323	0	1
Rtp4	0.011212049	0.010897206	0.952	0.611	1
ENSRNOG00000055947	0.011212049	0.04291349	0.258	0.222	1
Coq10b	0.011212049	0.026932918	0.29	0.389	1
Rab37	0.011212049	0.027030746	0.387	0.556	1
Ppp1r1a	0.011586559	-0.047967148	0.629	0.167	1
Pcdh19	0.011586559	-0.000385822	0.726	0.444	1
Tbc1d9	0.011586559	0.182913117	0.435	0	1
Ttk	0.011710561	-4.70E-06	0.435	0	1
Rasal2	0.011972128	0.347080994	0.355	0.556	1
Egfl8	0.011972128	0.326821378	0.452	0.611	1
Camk2a	0.011972128	0.039650812	0.79	0.556	1
Sphk1	0.011972128	0.133410624	0.597	0	1
Slfn5	0.012087756	0.092549949	0.532	0	1
LOC100912489	0.01236903	0.16323902	0.258	0.111	1
Scara3	0.01236903	3.05E-05	0.565	0.056	1
Reep5	0.012615431	-0.405353917	0.968	1	1
Cd24	0.012777542	0.484712806	0.581	0.056	1
Ier5l	0.012777542	0.004480981	0.903	0.611	1
Arl4a	0.013427949	0.351656099	0.726	0.222	1
Fdx1	0.013427949	-0.448699971	0.855	0.333	1
Jak1	0.013630541	0.159541393	0.613	0.167	1
Ccdc141	0.013630541	0.13972976	0.371	0.5	1
Ampd3	0.013630541	-0.498410969	0.565	0.111	1
Calr4	0.014309823	0.000316891	0.613	0.111	1
Creb1	0.014533456	0.109513806	0.548	0	1
Kctd14	0.014746239	0.000620283	0.919	0.5	1
Stk32c	0.015261597	-0.139564534	0.484	0.611	1
Aif1	0.0154887	0.096144941	0.516	0.056	1
Nexn	0.0154887	0.001985428	0.339	0	1
Mboat4	0.0154887	0.022175852	0.984	0.611	1
Snorc	0.015753119	-0.346405812	0.952	0.556	1
Foxc1	0.015986722	-0.002336573	0.5	0.056	1
Sod3	0.015986722	0.082655564	0.355	0.389	1
RF00289	0.016041901	-0.002752705	0.548	0.111	1
Kit	0.016175276	0.052762606	0.565	0.056	1
Cox6b2	0.016477896	0.061763128	0.581	0.056	1
RF00001	0.016477896	-0.009713685	0.581	0.056	1
Ppfibp2	0.016778097	-0.218367602	0.274	0.167	1
Tubb2a	0.016811443	-0.705843011	0.952	0.889	1
Pxdc1	0.017025166	0.037394887	0.29	0.333	1
Oaf	0.017025166	-0.194039225	0.597	0.056	1
Chrne	0.017025166	0.224068195	0.758	0.556	1
Pde12	0.017025166	0.20889313	0.581	0	1
Tbc1d1	0.017025166	0.038087538	0.548	0	1
Arhgdib	0.017566242	0.199118489	0.435	0	1
Mxi1	0.017566242	-0.511573689	0.613	0.167	1
Syn2	0.017861164	-0.498132582	0.516	0.556	1
C1qa	0.017948856	1.79E-06	0.258	0	1
Ptprc	0.018024603	6.71E-05	0.323	0	1
Rasgrp3	0.018024603	0.056528515	0.323	0	1
Enc1	0.018067459	-0.002277574	0.581	0.056	1
Scrg1	0.018122334	-0.013088985	0.871	0.611	1
Tst	0.018122334	-0.021334216	0.726	0.333	1
Grik5	0.018122334	0.123803385	0.839	0.611	1
RGD1310587	0.018529851	0.003331545	0.29	0	1
Traf2	0.018693783	0.00088849	0.613	0.111	1
Cmtm5	0.019280933	-0.007067738	0.532	0.611	1
Fam229a	0.019280933	-0.000599306	0.597	0.056	1
Tox2	0.019280933	-0.345309663	0.919	0.556	1
Rcan1	0.01931567	0.159456259	0.516	0.722	1
S100a8	0.019554718	0.08716603	0.419	0.556	1
Tbc1d10a	0.019918857	0.064521378	0.468	0	1
Brpf1	0.02027472	-0.145138884	0.758	0.167	1
Osgin1	0.020322451	0.138817854	0.5	0	1
Pcsk9	0.020503751	0.055678433	0.516	0.111	1
Tipinl1	0.020503751	0.002505691	0.952	0.611	1
Clk1	0.020503751	0.08813529	0.419	0.611	1
Slc16a2	0.020503751	0.088181975	0.452	0.056	1
Casr	0.021140137	-0.504842256	0.581	0.111	1
Socs2	0.0224647	0.234513854	0.532	0.111	1
Nomo1	0.0224647	0.106492792	0.371	0	1
Map3k10	0.023277711	0.19439328	0.532	0	1
Wfdc15b	0.024019988	-0.000239574	0.597	0.111	1
Id4	0.024244708	0.464857209	0.887	0.556	1
Pcdh17	0.024244708	0.034263781	0.435	0.611	1
Gast	0.024306134	0.03902046	0.613	0.111	1
Prrg4	0.024586683	0.038847324	0.565	0	1
AC128848.1	0.02462791	0.34911256	0.71	0.222	1
Mertk	0.025331595	-0.13035422	0.419	0.056	1
Igfbp2	0.025331595	0.406587167	0.629	0.056	1
Prdm8	0.025331595	0.02530881	0.516	0.056	1
Tmem216	0.025331595	0.010460059	0.79	0.333	1
Fbln5	0.025331595	0.20393499	0.694	0.222	1
Tmem138	0.025735618	-0.055441738	0.468	0.667	1
Klf13	0.025735618	-0.221738813	0.806	0.278	1
Ccar2	0.025735618	-0.394099829	0.468	0.667	1
Sox17	0.0257697	0.245463972	0.258	0.5	1
Ttyh1	0.02609596	0.139147212	0.258	0.222	1
Anxa8	0.02609596	-0.07373529	0.532	0.111	1
Ret	0.02609596	0.096176741	0.935	0.556	1
Tgif1	0.026171336	0.128168838	0.548	0.056	1
Crabp1	0.026880181	0.198259375	0.629	0.056	1
Cks2	0.027206698	0.000905336	0.5	0	1
Isg15	0.027684667	-0.410763982	0.726	0.278	1
Scn3b	0.028120461	-0.464806216	0.758	0.222	1
Il6	0.028509832	-0.020793038	0.323	0.278	1
Filip1l	0.028918813	0.000400059	0.532	0.056	1
Vamp5	0.029356095	0.025834539	0.403	0.389	1
Tec	0.029961312	-0.001924391	0.403	0.444	1
Zfhx2	0.03022388	0.074201069	0.935	0.556	1
Dek	0.03022388	-0.311187278	0.645	0.167	1
Tmem88	0.031033604	0.115329025	0.71	0.389	1
Pllp	0.031113617	-0.566999436	0.984	0.611	1
Krt8	0.031113617	0.008378165	0.79	0.333	1
Cnmd	0.032025739	-0.362435015	0.29	0.167	1
LOC100912195	0.032075121	-0.589657169	0.726	0.667	1
Sncb	0.03251882	-0.216119333	0.581	0.611	1
Nefl	0.032575821	-0.344986298	1	1	1
Dgki	0.032960685	0.018602208	0.823	0.556	1
Fkbp1b	0.033522962	-0.448236167	0.968	1	1
Mrap	0.034900831	-0.015441409	0.548	0.111	1
Cd3eap	0.034900831	0.092640158	0.855	0.556	1
Srgap2	0.034900831	0.028543317	0.726	0.167	1
Mid1ip1	0.034988354	-0.724598316	0.903	0.889	1
Gja4	0.035362063	0.149933386	0.516	0	1
Prickle3	0.035596355	-0.000191309	0.306	0	1
Cxcl9	0.0356875	0.110780673	0.71	0.222	1
Shprh	0.035906932	0.344961609	0.742	0.444	1
Steap3	0.035960216	0.243116618	0.758	0.444	1
Ypel3	0.035996113	-0.670030852	0.887	0.944	1
Yars2	0.037149735	0.06528546	0.548	0	1
Bcl9l	0.037371884	-0.134137054	0.387	0.056	1
Knstrn	0.037702397	0.09126795	0.548	0.056	1
Hmgb2l1	0.037993481	0.144333002	0.645	0.111	1
Tmem140	0.037993481	0.036209428	0.371	0.556	1
Mbd5	0.037993481	0.016138571	0.452	0.611	1
S100a6	0.038562831	0.645885989	0.935	0.556	1
Ap1s2	0.038620924	0.745875204	0.968	0.833	1
Ackr3	0.038674652	0.056367963	0.419	0.056	1
Irf1	0.039074859	0.014624309	0.919	0.5	1
Ddah1	0.039074859	0.163519747	0.435	0.056	1
Zfp865	0.039318396	0.042766214	0.468	0	1
Pde1a	0.039503782	0.004451258	0.323	0.278	1
Ptpn13	0.040015594	0.06226293	0.29	0.333	1
Kcng1	0.04077894	-0.006104269	0.984	0.667	1
Cplx2	0.040821457	-1.017325208	0.516	0.5	1
Nefm	0.040845082	-0.354913805	1	1	1
Acot7	0.040845082	-0.491191313	0.823	0.778	1
Iapp	0.041316178	-0.164840574	0.403	0.056	1
Palmd	0.041374559	-0.340039952	0.677	0.722	1
Smim22	0.041549656	0.001680461	0.5	0	1
Akap1	0.041729836	0.022923751	0.484	0.611	1
Tmem100	0.041849959	0.11053522	0.403	0.444	1
Ptn	0.041989403	-0.668503735	0.855	0.833	1
Col4a1	0.042477075	-0.272485058	0.516	0.111	1
Plcl2	0.042477075	-0.132782787	0.387	0.056	1
Kif18a	0.043057319	0.059765172	0.452	0.056	1
Stk32a	0.043057319	0.003994509	0.677	0.222	1
Fabp7	0.043665442	0.053983971	0.274	0.111	1
Ntrk2	0.043665442	0.369997564	0.371	0.389	1
Tap1	0.043665442	0.01112139	0.855	0.389	1
Fam181b	0.043737421	0.003385166	0.403	0.389	1
Dnajb4	0.044304942	0.154723177	0.919	0.611	1
Atp1b1	0.044373443	-0.341073481	0.984	0.889	1
Npb	0.044881766	0.129590278	0.742	0.278	1
Ctxn2	0.044881766	-0.260069499	0.323	0.278	1
Ppp1r14c	0.044881766	0.055225144	0.258	0.056	1
Eya3	0.045454964	-0.00203227	0.226	0.389	1
Mis18bp1	0.045536041	-0.128825863	0.484	0.667	1
Col6a5	0.04612654	0.019209722	0.355	0	1
Ssc5d	0.04612654	0.055162755	0.403	0	1
AABR07068127.1	0.04612654	-0.167706612	0.274	0.222	1
Cttnbp2nl	0.04612654	0.063777268	0.516	0.167	1
Nrxn2	0.046795842	-0.649685636	0.984	0.611	1
AABR07073134.1	0.047400261	0.094801277	0.258	0	1
Rnd1	0.047463965	-0.512796623	0.661	0.667	1
Plpp3	0.0478699	-0.008425404	0.29	0.111	1
Ppp1r1c	0.048151723	-0.476129908	0.871	0.889	1
Prlr	0.048703428	0.002314137	0.629	0.278	1
Kcnc1	0.048703428	0.005033436	0.984	0.5	1
Bnip2	0.048703428	0.12333402	0.5	0.556	1
Erg	0.048872655	0.057437155	0.371	0	1
Gng13	0.049318216	0.08477017	0.5	0	1
Nampt	0.049403546	-0.36506913	0.919	0.611	1
Pmepa1	0.050036545	0.061509457	0.919	0.611	1
Ppfibp1	0.050036545	0.207160217	0.613	0.111	1
Ak5	0.050102435	-0.399107035	0.935	0.722	1
Filip1	0.050752457	0.200441976	0.306	0.167	1
Crlf3	0.051124102	0.117018575	0.355	0	1
AY172581.2	0.051400118	0.340120588	0.452	0.056	1
Ramp2	0.051400118	0.400775021	0.29	0.056	1
Cldn3	0.05279466	-0.00053551	0.742	0.333	1
Gmfg	0.05279466	0.070199454	0.645	0.222	1
Apod	0.054220682	-0.488483358	0.71	0.222	1
Tmem51	0.054220682	-0.235616759	0.435	0.056	1
Nfe2l3	0.05609914	-0.00186915	0.371	0.333	1
Rbfox1	0.056526971	-0.818131046	0.548	0.556	1
Gpihbp1	0.057968036	-0.146689544	0.726	0.667	1
Timp1	0.058692821	0.504304786	0.306	0.111	1
Kif11	0.058692821	-0.0027311	0.726	0.222	1
Dnaja1	0.058815828	-0.353811602	0.968	0.944	1
Gria2	0.059508984	-0.144059504	0.323	0.278	1
Acsbg1	0.059932231	0.137298269	0.419	0.5	1
Fxyd5	0.060249968	0.172143747	0.452	0.556	1
Epc1	0.060249968	-0.131775136	0.629	0.111	1
Baz2b	0.060249968	-0.375843172	0.468	0.111	1
Ivns1abp	0.060323724	-0.025166201	0.419	0.278	1
Fam107a	0.060986691	-0.134357762	0.355	0.056	1
Marcks	0.061083765	-0.606190848	0.516	0.444	1
Nefh	0.061162652	-0.506234716	0.919	0.889	1
Bcl11a	0.061841208	0.087627215	0.419	0.556	1
Arid5b	0.061916111	-1.077421863	0.645	0.722	1
Itm2a	0.061916111	-0.093900301	0.661	0.222	1
Gabrg2	0.062692909	0.008137513	0.452	0.556	1
Pdk4	0.063168792	0.001302537	0.29	0	1
Sspn	0.063467074	0.099198569	0.855	0.611	1
Lrg1	0.064177598	0.084551482	0.484	0	1
Abca1	0.065128097	0.097721764	0.597	0.556	1
Fbln1	0.065128097	-0.001434967	0.516	0	1
AABR07072449.1	0.065128097	-0.001174423	0.758	0.333	1
AABR07055191.1	0.066382202	0.000275168	0.742	0.278	1
Matn2	0.06664438	-0.043635587	0.581	0.222	1
Tjp1	0.066824812	0.095523598	0.855	0.611	1
AABR07030521.1	0.066824812	0.000715124	0.677	0.278	1
Limd2	0.066903184	0.243504922	0.823	0.722	1
Birc5	0.068557757	0.061377438	0.548	0.111	1
Rnf144a	0.068557757	-0.121271642	0.29	0.111	1
Scn9a	0.069572065	-0.438583501	0.774	0.778	1
Hcn2	0.070327469	-0.470360502	0.435	0.056	1
Tmod2	0.070327469	-0.231771606	0.5	0.556	1
Akap2	0.070327469	0.200535312	0.565	0.056	1
Ppp2r2b	0.07044935	-0.488735079	0.661	0.722	1
Celsr2	0.070957127	0.0412942	0.339	0	1
Rgs7	0.071272731	-0.479231884	0.5	0.167	1
Clec14a	0.071483324	-0.002277377	0.452	0	1
Samsn1	0.071753158	0.063215407	0.468	0	1
Crh	0.072134488	0.019439909	0.258	0.056	1
Ophn1	0.072134488	-0.01076565	0.629	0.611	1
Map3k2	0.072134488	0.036196697	0.565	0.611	1
Fam221a	0.072134488	0.085627142	0.323	0.056	1
Slc17a6	0.072216363	-0.435682086	0.468	0.444	1
Avil	0.072216363	-0.556827743	0.435	0.556	1
Phactr3	0.073099277	-0.059639257	0.5	0.111	1
Lcn2	0.073979356	-0.020280232	0.29	0.222	1
Cst12	0.073979356	0.200705118	0.79	0.556	1
Serpinb6b	0.074447851	-0.00031609	0.306	0	1
Pnma8b	0.074963944	-0.371446227	0.435	0.389	1
Oasl	0.075862616	0.096763668	0.726	0.556	1
Rab20	0.075862616	0.153754941	0.5	0	1
Crabp2	0.075862616	0.148791581	0.484	0.556	1
Syt4	0.07598981	-0.62932953	0.613	0.611	1
Zbtb47	0.076583435	0.003717773	0.952	0.556	1
Fgf2	0.076756504	0.063516259	0.952	0.5	1
Tppp3	0.076964204	-0.340923015	0.984	1	1
Alpl	0.077742331	0.098385686	0.532	0	1
Idh2	0.07778481	0.024447584	0.79	0.611	1
Hspb1	0.077929468	-0.506370632	0.968	0.944	1
Slc25a4	0.078908088	-0.256284187	1	1	1
Dgkh	0.079746483	0.190480933	0.306	0.111	1
RGD1564664	0.080792104	-0.276949166	0.419	0.389	1
Chrm2	0.080792104	-0.254080966	0.597	0.611	1
Kcna2	0.080792104	-0.389021449	0.484	0.667	1
S100b	0.080891724	-0.42136813	0.984	1	1
Hpca	0.08174818	0.154556725	0.258	0.111	1
Erf	0.08174818	0.033840108	0.613	0.167	1
Hoxb7	0.08174818	0.108642876	0.29	0.056	1
Sema7a	0.083790446	0.003132	0.274	0	1
Cep57l1	0.08487812	-0.367966691	0.597	0.222	1
Rab11fip3	0.08487812	-0.238856266	0.984	0.667	1
Cryab	0.085873826	0.305414373	0.29	0.167	1
Kazald1	0.086345837	0.001152608	0.79	0.333	1
Luzp1	0.086982936	-0.23629971	0.355	0.278	1
Gamt	0.087049575	-0.280744201	0.661	0.778	1
Sncg	0.087086596	-0.194173391	1	1	1
Gprc5b	0.087959373	-0.001778385	0.839	0.444	1
Sat1	0.087998866	0.265264099	0.274	0.222	1
Tmem62	0.087998866	0.206553731	0.371	0.056	1
Dgkz	0.087998866	0.158820658	0.339	0.111	1
Mt3	0.089234689	-0.234820531	1	1	1
Egr2	0.090166111	0.124096441	0.548	0	1
Ankrd33b	0.092376105	0.129458863	0.435	0.556	1
Uba7	0.092376105	0.002232528	0.871	0.5	1
Scg3	0.093639613	0.512600028	0.952	0.778	1
Scg2	0.093658843	-0.333440611	0.952	1	1
Ptgds	0.094629392	0.084660683	0.919	0.556	1
Brinp2	0.094629392	0.009597895	0.984	0.556	1
RGD1306941	0.094629392	-0.00833786	0.419	0.389	1
Pcdhga5	0.095020102	-0.000167338	0.306	0.056	1
Ccl5	0.09575706	0.017810587	0.435	0	1
Cd63	0.095826959	0.30521497	0.645	0.222	1
Slit2	0.096794844	0.002653838	0.806	0.444	1
S1pr3	0.096926515	0.049596309	0.726	0.333	1
Ccdc34	0.096926515	0.069031254	0.452	0.556	1
Nktr	0.096926515	-0.134762045	0.258	0.167	1
Anxa1	0.099268016	0.317552967	0.306	0.111	1
Pemt	0.099268016	0.084009956	0.323	0.389	1
Tdo2	0.099365175	-0.658426961	0.726	0.667	1
Smc4	0.10051143	0.016780793	0.71	0.333	1
Acsl4	0.101654434	0.283345917	0.774	0.611	1
Mlf1	0.104086309	0.20067098	0.371	0	1
Glul	0.104086309	0.23838256	0.29	0.111	1
Hdac1	0.104086309	0.090666657	0.403	0.111	1
Ccdc146	0.105245938	0.039867503	0.339	0	1
Xrn2	0.105376639	-0.487050496	0.323	0.167	1
Fth1	0.105490988	-0.222979969	1	1	1
Rarres1	0.106564176	0.245629458	0.484	0.611	1
Gabrg1	0.106564176	0.203739389	0.403	0.444	1
Rbks	0.106564176	0.07678446	0.29	0.056	1
Mal	0.109088571	0.199982831	0.468	0	1
Asphd1	0.109088571	0.047104516	0.258	0.056	1
Lpar1	0.109088571	0.267022594	0.274	0.056	1
LOC680045	0.110213326	0.000232813	0.79	0.333	1
Csf1r	0.110326838	0.000149657	0.258	0	1
Timp3	0.110426876	-0.453520054	0.5	0.667	1
AABR07004269.3	0.111660024	-0.234776616	0.306	0.167	1
Igfbp7	0.114279067	-0.160895059	0.371	0.278	1
Acads	0.114279067	0.213513919	0.452	0.444	1
Grhpr	0.114279067	-0.073838163	0.581	0.222	1
Whrn	0.115666393	-0.309948475	0.29	0.222	1
Creg1	0.116946223	0.251806464	0.532	0.111	1
Ifitm3	0.116946223	0.138606547	0.258	0.167	1
Sfrp4	0.118257138	-0.001603823	0.371	0	1
Apoc1	0.119662018	-0.205333346	0.903	0.611	1
Hoxb4	0.121099395	-0.484073567	0.984	0.667	1
Ifitm2	0.121217173	-0.28212241	0.968	0.889	1
Gfpt2	0.122426969	0.000152442	0.839	0.333	1
Ank3	0.122426969	0.16563126	0.29	0.167	1
Rprd1a	0.122426969	-0.032390293	0.435	0.444	1
Fxyd2	0.12253441	0.401347581	0.661	0.389	1
Rad51ap1	0.123528198	-0.003439384	0.774	0.333	1
Ankrd13d	0.123889754	-0.182020244	0.597	0.667	1
Mt-nd5	0.124010958	-0.409661547	0.984	1	1
Plcd4	0.125241594	0.031769377	0.274	0.167	1
Ccdc28b	0.125241594	-0.135765472	0.274	0.056	1
Hes1	0.12535014	0.122174205	0.5	0.667	1
Lgalsl	0.12677679	-0.315799371	0.565	0.667	1
Npc2	0.126810182	-0.473732567	0.71	0.778	1
Car2	0.128106403	0.016076409	0.5	0.278	1
Best1	0.129620753	1.125868391	1	0.611	1
LOC100360316	0.131021904	0.234801459	0.371	0.056	1
Rbfox3	0.132644148	-0.208527309	0.435	0.333	1
Tmem229b	0.132644148	-0.354568759	0.661	0.778	1
Taf1c	0.1339886	0.041813794	0.274	0	1
Pou4f3	0.1339886	0.305735472	0.306	0.056	1
Cdkn1a	0.135555499	-0.179356427	0.5	0.556	1
Tes	0.135638027	-0.308084452	0.597	0.722	1
Clic5	0.137006988	0.026214224	0.452	0	1
Vopp1	0.137006988	-0.416388979	0.452	0.444	1
Zfp521	0.137006988	0.001090672	0.855	0.389	1
Kcnj2	0.138713115	-0.010888449	0.435	0	1
Pmp22	0.138727791	-0.235731328	0.952	1	1
Spry4	0.13881415	-0.000819192	0.774	0.333	1
Txnrd1	0.140077561	-0.163997034	0.339	0.167	1
Myo1a	0.140077561	-0.0011507	0.79	0.333	1
Ccr10	0.140077561	0.000889261	0.742	0.278	1
Mfge8	0.140077561	0.583707331	0.371	0.5	1
Eif2ak2	0.140077561	0.030350939	0.258	0.111	1
Chd1	0.140077561	-0.106639115	0.419	0.056	1
RT1-CE10	0.141697971	-0.067142455	0.419	0.389	1
Kank1	0.14252577	-0.006745282	0.258	0	1
AABR07050283.2	0.143200807	0.000337155	0.306	0	1
Fam129a	0.143200807	0.141334329	0.532	0.444	1
Haus8	0.143200807	0.281672947	0.419	0.389	1
Syt2	0.144848326	0.118181472	0.581	0.222	1
Ppp2r2c	0.145012839	0.106134956	0.355	0.222	1
Spidr	0.146377207	-0.270926316	0.645	0.278	1
Epha5	0.146377207	-0.516982439	0.984	0.611	1
Pcdh9	0.148052064	-0.395166263	0.645	0.667	1
Mdh1	0.148185187	-0.27690456	0.919	0.833	1
Naa60	0.149607236	-0.003079644	0.581	0.222	1
Unc13c	0.152891363	0.096694404	0.532	0.556	1
LOC102550036	0.152891363	-0.009159141	0.919	0.611	1
Scn7a	0.15300937	-0.117281738	0.355	0.278	1
Xdh	0.154621577	0.379246856	1	0.611	1
Klf6	0.157988274	0.06160775	0.468	0.667	1
AABR07004228.1	0.159425375	0.002399459	0.968	0.5	1
Gbp2	0.159623754	0.316398471	0.258	0	1
Tmie	0.159623754	-0.049645832	0.355	0.167	1
Rgs4	0.161498678	-0.511320578	0.645	0.778	1
Tmem130	0.161537994	-0.35175961	0.903	0.833	1
Socs1	0.163072922	0.035522316	0.855	0.611	1
Gpx1	0.163193835	-0.294049277	0.435	0.278	1
Tubb5	0.163277713	-0.4563976	0.984	0.889	1
Rspo2	0.16488781	-0.440592898	0.468	0.389	1
Chd5	0.166577996	0.187356901	0.645	0.611	1
Atp1a2	0.166577996	0.141058541	0.565	0.611	1
Cdo1	0.166577996	0.148500001	0.339	0.056	1
Gng7	0.166577996	0.112695698	0.71	0.444	1
Samd9	0.168421528	0.03791354	0.387	0.222	1
Lxn	0.168511376	-0.475168522	0.968	0.722	1
Ska1	0.172059141	-5.53E-05	0.484	0.056	1
Nkain4	0.172695447	0.248140203	0.581	0.167	1
Penk	0.17375758	0.003254873	0.855	0.389	1
Hist1h1e	0.17375758	-0.143563679	0.29	0.278	1
Cdkn1c	0.174963039	0.030482235	0.468	0.333	1
Nanos3	0.175243398	0.22062956	0.5	0.111	1
Cep126	0.175659008	0.039039838	0.645	0.667	1
Sdc4	0.177432933	-0.291415664	0.323	0.278	1
LOC102549941	0.1775596	-0.000147512	0.306	0	1
Ncoa7	0.179496207	-0.326328817	0.903	0.889	1
Plekha4	0.181165872	-0.17006327	0.516	0.167	1
Vti1a	0.181165872	-0.014380621	0.355	0.222	1
Tdh	0.181165872	0.078964641	0.339	0.111	1
Olfm1	0.181291281	-0.1732813	0.435	0.333	1
Cd9	0.181355248	-1.078263184	0.968	0.833	1
Gadd45b	0.183125971	-0.156745537	0.355	0.333	1
Ccdc136	0.183125971	-0.4292426	0.565	0.5	1
AC134224.3	0.183269746	-0.669897675	0.984	1	1
Smc2	0.184956796	0.283418663	0.387	0	1
Rps6kc1	0.184956796	-0.184701862	0.306	0.167	1
Tmem54	0.184956796	-0.135429369	0.323	0.056	1
Nfkbie	0.184956796	0.00056963	0.855	0.389	1
Lsp1	0.184956796	-0.710342763	0.323	0.222	1
Ccdc172	0.188806094	0.092234709	0.29	0.056	1
Osbpl1a	0.188806094	0.281231775	0.323	0.222	1
Hadh	0.188806094	0.038296754	0.419	0	1
Nab2	0.190398703	0.073590772	0.306	0	1
Id1	0.190825599	-0.154380851	0.919	0.667	1
Cpne8	0.190919238	-0.11105661	0.871	0.722	1
Chrna3	0.194763618	0.065041901	0.565	0.167	1
Hsph1	0.194857834	-0.517421785	0.677	0.556	1
Ifitm1	0.196681321	0.531069955	0.403	0.111	1
RT1-Db1	0.196681321	-0.305742665	0.274	0.056	1
Ppp1r15a	0.196681321	0.180403923	0.387	0.056	1
Amigo2	0.196681321	0.006853945	0.306	0.056	1
Ppp2r3a	0.196681321	0.019508238	0.516	0.611	1
Crlf1	0.196681321	-0.087449558	0.371	0.056	1
Heatr5a	0.196681321	0.003747088	0.242	0.333	1
Pold4	0.196809967	-0.053406944	0.516	0.556	1
Mtmr2	0.198760927	-0.30151645	0.903	0.667	1
Ly6e	0.200837378	-0.790593072	0.468	0.444	1
Kntc1	0.202817882	-0.299700734	0.968	0.667	1
Gltpd2	0.204794467	0.117152278	0.935	0.611	1
Hmgcs1	0.206934825	0.06419893	0.452	0.278	1
Ly86	0.208941126	0.019979612	0.419	0.5	1
RGD1312005	0.209071962	0.181181691	0.452	0.444	1
Ccl2	0.209138695	-0.609038364	0.871	0.778	1
Acpp	0.211112088	0.327810321	0.839	0.556	1
Ncdn	0.211251266	-0.492154013	0.887	0.778	1
Calcb	0.211261969	-0.562479732	0.984	1	1
Eef2k	0.21314828	0.122980246	0.935	0.5	1
Lsamp	0.215444154	-0.817657977	0.419	0.278	1
Pttg1	0.219475752	0.073418607	0.29	0	1
Ttll7	0.219746171	-0.458186089	0.855	0.778	1
Eif4ebp1	0.221745329	-0.191123955	0.306	0.111	1
Tubb6	0.221745329	0.287772681	0.339	0.056	1
Nos3	0.223714547	0.019526933	0.532	0.167	1
Mrps6	0.22400895	0.239678053	0.339	0.111	1
Nppa	0.224106726	-0.902093218	0.629	0.5	1
Tmem45b	0.226269227	-0.711015956	0.484	0.278	1
Chga	0.226269227	-0.543133519	0.677	0.556	1
Ndrg4	0.226361762	-0.552481177	0.871	0.833	1
Nrp1	0.228430585	-0.319234522	0.306	0.167	1
Arhgap29	0.228430585	-0.077833073	0.387	0.222	1
Gsta1	0.230587993	0.080155248	0.323	0.056	1
Syt3	0.230587993	-0.235987714	0.371	0.111	1
Csrp1	0.235102122	0.234943093	0.355	0.111	1
Alg8	0.235102122	0.106430359	0.306	0.056	1
Ccdc18	0.237459534	-0.594557033	0.629	0.667	1
Dad1	0.237459534	0.437081242	0.71	0.556	1
Dusp26	0.237459534	0.938900077	0.468	0.167	1
Fam83h	0.245757158	0.002547645	0.742	0.389	1
Piezo2	0.246737721	-0.245995349	0.629	0.278	1
Clic3	0.246795905	-0.254972418	0.613	0.611	1
Nmb	0.246890082	-0.379189061	0.823	0.833	1
Stat3	0.251470856	-0.194144014	0.452	0.5	1
MGC108823	0.253783052	0.033600864	0.903	0.611	1
Xirp2	0.253783052	0.002815789	0.774	0.389	1
Slc7a14	0.253783052	0.401123739	0.419	0.056	1
Idi1	0.253919491	-0.266316108	0.774	0.722	1
Plcb1	0.253919491	-0.516023998	0.661	0.556	1
AY172581.9	0.256423078	0.270981293	1	0.944	1
Cebpb	0.25861049	-0.096702677	0.565	0.611	1
AABR07071661.1	0.25861049	0.081686157	0.565	0.278	1
Ppp3ca	0.261271611	-0.21866513	0.806	0.833	1
Cdh13	0.263501203	-0.074528352	0.387	0.333	1
Tob1	0.263501203	-0.236938729	0.871	0.556	1
LOC691143	0.263501203	0.002260104	0.952	0.556	1
Acy3	0.265869363	0.097590646	0.435	0.278	1
Mrc1	0.267163465	-4.04E-06	0.258	0	1
Trpv1	0.268455361	0.18713239	0.5	0.167	1
Cyp2d4	0.268455361	0.040293158	0.548	0.167	1
Rhpn2	0.268455361	-0.001161601	0.806	0.444	1
Dbi	0.268592907	-0.539028719	0.581	0.5	1
Cryga	0.268890708	5.45E-07	0.387	0	1
Lrat	0.270855067	0.003432835	0.984	0.556	1
Egr1	0.271034978	0.198323234	0.516	0.611	1
Aqp1	0.271034978	-0.10268259	0.984	0.667	1
Dag1	0.271034978	-0.071400114	0.871	0.667	1
Selenom	0.271178258	-0.292571955	0.903	0.833	1
Cox4i2	0.273014463	0.005126653	0.258	0	1
Chac1	0.273473121	-0.02180556	0.484	0.444	1
Tekt1	0.275202276	0.000443074	0.403	0	1
Ahi1	0.276084757	0.054842638	0.887	0.611	1
Fgf12	0.276214264	-0.57549182	0.742	0.611	1
Vim	0.278554624	0.123827415	0.387	0.333	1
Hmmr	0.278554624	0.001881201	0.581	0.556	1
Plxnc1	0.278554624	0.066992449	0.355	0.111	1
Runx1	0.278554624	0.02842738	0.597	0.5	1
Galnt14	0.278554624	0.075683911	0.919	0.611	1
Paox	0.281198326	-0.131853301	0.306	0.278	1
Psmc3ip	0.283699995	-0.004683802	0.903	0.556	1
Avpr1a	0.283699995	-0.001258156	0.774	0.333	1
Leprot	0.283699995	-0.192425627	0.468	0.167	1
Mtfp1	0.285911957	7.51E-05	0.419	0	1
ENSRNOG00000054017	0.286007356	0.009075538	0.758	0.389	1
LOC103694872	0.286522701	-0.209723143	0.935	0.833	1
Cald1	0.288909347	-0.117263878	0.581	0.111	1
Plppr4	0.288909347	-0.323358428	0.323	0.111	1
Scn1a	0.291617286	-0.043743141	0.645	0.611	1
Srrm4	0.291617286	-0.129419787	0.339	0.056	1
Gfra3	0.291617286	-0.054416106	0.984	0.667	1
Rhoc	0.291617286	0.042699997	0.597	0.611	1
Cpne9	0.294182773	0.008273762	0.419	0.111	1
Gas7	0.294182773	0.015870579	0.613	0.611	1
Cenpe	0.294182773	0.012633564	0.984	0.611	1
AABR07031734.5	0.296741508	-0.185434432	0.306	0.111	1
Cst6	0.296922867	0.13616123	0.952	0.667	1
Efemp1	0.299520351	-0.205037961	0.258	0.111	1
Itm2b	0.299755538	-0.409207417	0.839	0.889	1
Mgst3	0.302292614	-0.194388803	0.613	0.333	1
Map1a	0.302394657	-0.246814614	0.806	0.778	1
Ccnb1	0.304922146	0.053273506	0.484	0.444	1
Hmgcs2	0.304922146	-0.080480763	0.274	0.056	1
Nrsn1	0.304922146	-0.280440702	0.355	0.333	1
Cul9	0.307260912	0.067229696	0.29	0	1
Pygl	0.307544961	0.308331154	0.355	0.167	1
Camk2b	0.307726581	-0.372080188	0.452	0.222	1
Ehd4	0.307726581	0.597940669	0.5	0.556	1
Dync1i2	0.30788539	-0.185718155	1	1	1
Serpine2	0.310388202	-0.373519604	0.274	0.111	1
Stap2	0.310388202	0.044540114	0.806	0.556	1
Ecel1	0.310388202	0.161688856	0.968	0.611	1
Galnt3	0.310388202	0.059843108	0.29	0	1
Kcnq5	0.313224807	-0.554585877	0.435	0.278	1
Ppp1r9a	0.313224807	-0.00040485	0.79	0.667	1
MGC105649	0.31591855	-0.016990734	0.419	0	1
Nap1l5	0.316128531	-0.089267126	0.726	0.778	1
Ifi47	0.318321451	0.019124591	0.435	0.333	1
Tnfrsf12a	0.318787312	-0.170672962	0.484	0.222	1
Syt6	0.318787312	-0.770198518	0.387	0.333	1
Snapc2	0.318787312	0.562145714	0.597	0.611	1
Gng3	0.318943344	-0.153238942	1	1	1
Ripk1	0.321513202	0.074690995	0.548	0.611	1
Zcchc12	0.321513202	-0.135702073	0.806	0.5	1
Ebf1	0.321652254	-0.457377008	0.581	0.444	1
Pkib	0.321723168	-0.353648569	0.823	0.722	1
Cdc42ep5	0.325487608	-5.87E-06	0.468	0.056	1
Lamp5	0.327172154	0.080955076	0.581	0.167	1
Cdh19	0.327172154	0.113673202	0.5	0.444	1
Ifit2	0.327172154	-0.034500634	0.371	0.167	1
Bmt2	0.327172154	-0.283315597	0.484	0.056	1
Pex26	0.327172154	-0.235337458	0.419	0.167	1
Ptprn	0.327311159	-0.040203254	0.403	0.278	1
Hspa12a	0.327382049	-0.92572736	0.694	0.556	1
Myl9	0.328541564	-0.033078059	0.419	0	1
Fbln2	0.332895385	0.349130062	0.323	0.056	1
Cgas	0.332895385	-0.002074418	0.919	0.611	1
Art3	0.332895385	0.004313218	0.452	0.111	1
Uap1	0.332895385	-0.082006324	0.532	0.5	1
Tnc	0.332895385	-0.126687634	0.403	0.167	1
Nptxr	0.332895385	-0.524384988	0.484	0.111	1
Arid3a	0.335207759	-0.007520039	0.677	0.556	1
AABR07009106.1	0.335860454	-0.273622512	0.79	0.667	1
Rgs10	0.338682854	0.401537778	0.532	0.278	1
Twf1	0.338682854	0.179452319	0.742	0.556	1
Stard4	0.338682854	0.001021372	0.758	0.389	1
Hmgn3	0.338682854	0.109342736	0.29	0.056	1
Crtac1	0.338821652	0.049882214	0.661	0.611	1
LOC108351137	0.34183842	0.201806264	0.984	0.889	1
Tbx3	0.344534507	0.000583984	0.758	0.333	1
S100a3	0.344534507	0.074447297	0.419	0.222	1
St3gal6	0.347563556	-0.065591222	0.887	0.667	1
Mt2A	0.350450268	0.034824607	0.823	0.611	1
Tlk1	0.350450268	0.000165359	0.742	0.333	1
Mxd4	0.350450268	-0.143643065	0.258	0.167	1
Snhg11	0.35361281	-0.583335388	0.645	0.778	1
Mrgprb5	0.356430046	0.004991999	0.968	0.611	1
Bend6	0.356568243	-0.25259402	0.597	0.556	1
Prdx6	0.35952281	0.039122964	0.435	0.167	1
Serpinb1a	0.359669271	-0.744030156	0.968	0.889	1
Srd5a2	0.362473729	-0.000440048	0.984	0.611	1
Sfrp1	0.362473729	-0.524270559	0.371	0.333	1
Negr1	0.362473729	0.001587716	0.871	0.5	1
Tesk2	0.368581189	-0.00282957	0.581	0.611	1
Kcnk2	0.368581189	-0.299769437	0.468	0.111	1
Cadps2	0.368581189	-0.000900757	0.935	0.611	1
Ano4	0.368581189	0.064476361	0.887	0.611	1
Mok	0.368718789	-0.38326114	0.903	0.722	1
Map7d2	0.368814216	-0.296644006	0.952	0.889	1
Brwd3	0.374752279	-0.00417136	0.5	0.389	1
Morc4	0.374752279	0.055826769	0.435	0.278	1
Cartpt	0.377939959	0.013763291	0.306	0.111	1
Tmsb4x	0.37809652	-0.09598361	1	1	1
Pou4f2	0.380986834	0.059189975	0.661	0.333	1
Snx18	0.380986834	0.263173851	0.806	0.611	1
Fbxo42	0.381161807	0.128794449	0.323	0	1
Chp2	0.384205939	-0.249529785	0.597	0.5	1
Rflnb	0.384205939	-0.372181549	0.516	0.222	1
Mrgprx3	0.384205939	-0.324682429	0.742	0.611	1
Hdac5	0.385618453	0.001263114	0.839	0.5	1
Ly6h	0.38728467	-0.456828796	0.548	0.389	1
Abhd4	0.38728467	0.342103424	0.403	0.222	1
Oplah	0.38728467	0.06939483	0.629	0.556	1
Spice1	0.38728467	0.061671865	0.226	0.278	1
Dgke	0.38728467	-0.070273674	0.742	0.556	1
Calca	0.390690633	-0.450931393	1	1	1
Zrsr1	0.393645583	-0.048047156	0.323	0.167	1
Ugdh	0.393645583	0.030731457	0.403	0.111	1
Mafk	0.394812255	0.001917699	0.29	0	1
Jazf1	0.400069351	-0.001005445	0.952	0.556	1
Igfbp3	0.400204753	-0.176206117	0.839	0.722	1
Dock5	0.404352859	3.44E-07	0.274	0	1
Gstm1	0.406555734	0.17167134	0.339	0.222	1
Ghrh	0.406555734	0.001096861	0.403	0	1
4-Sep	0.409899218	0.338845132	0.468	0.278	1
Dlat	0.409899218	-0.284867876	0.565	0.5	1
Steap2	0.411197935	0.000822972	0.387	0	1
Mc4r	0.418083129	-0.000321493	0.5	0.111	1
Cavin2	0.419715284	0.294925127	0.468	0	1
Dlgap5	0.419715284	-0.018092467	0.468	0.056	1
Dmd	0.419715284	0.384587582	0.323	0.111	1
Lrrtm3	0.419715284	0.068884506	0.935	0.5	1
Ndn	0.419916999	-0.327706941	0.726	0.611	1
Spata6l	0.422817444	-0.000745184	0.774	0.389	1
Tsc22d1	0.423120032	0.171633409	0.677	0.278	1
Rnf125	0.423120032	-0.246969919	0.694	0.667	1
Ppp1r14a	0.423177129	-0.103623867	0.387	0.278	1
Dner	0.423215185	0.242360296	0.435	0.222	1
Susd2	0.423269538	-0.947994648	0.952	0.833	1
Rab3a	0.426588552	-0.52707034	0.871	0.778	1
Hist1h2an	0.429822989	-0.318433364	0.484	0.222	1
Uchl1	0.429974402	0.003915069	1	1	1
Sparcl1	0.433121925	0.395033882	0.403	0.056	1
Fgf1	0.433321502	-0.12277249	0.581	0.5	1
S100a11	0.436737772	-0.308756931	0.984	1	1
Cxcl2	0.439917098	0.093855408	0.935	0.556	1
Mbp	0.439917098	0.419071405	0.258	0.056	1
Btc	0.439917098	-0.001924019	0.984	0.611	1
Slc7a6os	0.439917098	0.071725423	0.306	0.056	1
AY172581.18	0.439917098	-0.371408823	0.435	0.167	1
Tubb3	0.443562017	-0.36484359	0.968	0.944	1
Mcf2l	0.446773038	0.300329022	0.597	0.611	1
Edc4	0.446773038	0.101250277	0.339	0.056	1
Nes	0.446773038	-0.384178699	0.355	0.111	1
Smtn	0.446773038	0.182791387	0.258	0.111	1
Bdnf	0.446994191	-0.244520526	0.952	0.889	1
Fabp3	0.450393678	-0.389793398	0.742	0.722	1
Gadd45g	0.450420226	-0.252763926	0.677	0.722	1
Stmn3	0.450446771	-0.204400903	1	1	1
Itpkc	0.453689369	0.066251629	0.258	0	1
Mpp2	0.453689369	-0.065846794	0.258	0.222	1
Cd320	0.460665695	-0.333117315	0.339	0.167	1
Dbndd2	0.460665695	0.458426959	0.565	0.389	1
Zcchc11	0.460665695	0.120852981	0.435	0.222	1
AABR07006860.1	0.460665695	0.031786586	0.645	0.611	1
Col12a1	0.466122965	0.028207174	0.29	0.056	1
Bcr	0.467701603	0.15666736	0.306	0.056	1
Ezr	0.467701603	0.266180432	0.952	0.556	1
Cntnap4	0.467701603	0.022969437	0.774	0.5	1
Pdlim4	0.467701603	0.099362631	0.855	0.556	1
Rgl1	0.467701603	0.002264366	0.968	0.611	1
B3gnt2	0.467701603	-0.114851158	0.355	0.167	1
Asic3	0.467829505	0.140314218	0.565	0.333	1
Calml4	0.467894726	-0.44656632	0.952	0.722	1
Ctsh	0.470887643	0.22709546	0.581	0.444	1
Ttc9b	0.471314586	0.189062563	0.548	0.444	1
Fbxo2	0.47145754	-0.150464504	0.694	0.778	1
Prph	0.471460138	-0.307168029	1	1	1
Tm4sf1	0.474796658	0.578093245	0.468	0.556	1
Rel	0.474796658	0.134619558	0.677	0.5	1
Ccdc22	0.474796658	0.003624677	0.258	0	1
Tomm40l	0.474796658	0.023301724	0.274	0.222	1
Pdzd2	0.474796658	-0.021664001	0.597	0.556	1
Eprs	0.474923579	-0.394174966	0.742	0.722	1
Emp1	0.481950407	0.211517561	0.323	0.056	1
Cd302	0.481950407	0.111241524	0.935	0.611	1
Mitd1	0.482076305	-0.629536987	0.871	0.722	1
Tac1	0.485753785	0.977933282	1	0.833	1
Uevld	0.489162377	0.006187105	0.387	0.056	1
Hspe1	0.489287211	-0.453241746	0.452	0.389	1
Cttnbp2	0.492584393	0.01488327	0.677	0.5	1
Sh3gl3	0.492861073	-0.152123479	0.919	0.611	1
Sh3bgrl3	0.493003047	-0.027494077	0.984	0.944	1
Slc1a1	0.496432076	-0.241911611	0.339	0.111	1
Esco2	0.496432076	-0.245530981	0.258	0.167	1
Cep85l	0.496432076	-0.276787657	0.29	0.111	1
Pnma8a	0.496926096	-0.004494226	0.274	0	1
Epas1	0.498583163	0.128221417	0.79	0.556	1
Zbtb38	0.500158802	-0.083427207	0.968	0.667	1
Pclaf	0.502458414	0.021827978	0.306	0.056	1
Htra1	0.503758992	0.185759275	0.306	0.111	1
Dok5	0.503758992	0.082255911	0.371	0.056	1
L1cam	0.503758992	0.748556037	0.5	0.444	1
Cacna2d1	0.503881571	0.389256869	0.629	0.278	1
Grik1	0.507513461	-0.039519215	0.887	0.611	1
LOC100910200	0.507603056	-0.016173508	0.661	0.611	1
Myo5a	0.507652811	-0.063610854	0.806	0.944	1
Lrrk1	0.511142595	0.003712278	0.274	0.056	1
Anks1a	0.511142595	-0.002649567	0.726	0.389	1
Rarres2	0.518582333	-0.5068833	0.516	0.222	1
Sh2d4b	0.518582333	0.066458641	0.565	0.5	1
Upf3b	0.518702491	-0.187901979	0.468	0.389	1
Insig1	0.522391389	0.266686126	0.758	0.667	1
Ndufa4	0.522527925	-0.139328115	1	1	1
Cxcl1	0.526077639	-0.319266621	0.29	0.167	1
Fgfr1	0.532942685	-0.017304143	0.274	0	1
Ckap2l	0.533142305	-6.03E-05	0.387	0.056	1
Tbc1d20	0.533142305	-0.009031957	0.581	0.5	1
Slc25a12	0.533627924	0.02563601	0.403	0	1
Reep1	0.533805447	-0.469953271	0.984	0.833	1
Cpne6	0.537576162	-0.510705489	0.516	0.5	1
Ralgps2	0.541348798	-0.48751751	0.742	0.444	1
Gng2	0.545205975	-0.506751179	0.871	0.611	1
Atf3	0.549005804	-0.05807934	0.71	0.722	1
RGD1311251	0.552656244	0.005000005	0.29	0	1
Dyrk1b	0.552656244	0.081307556	0.694	0.556	1
Hba-a2	0.556602483	-0.389836732	0.403	0.278	1
Abca8a	0.560542325	-0.092181485	0.452	0.278	1
Akap12	0.560661823	0.108876465	0.984	0.778	1
Ftl1	0.568331373	0.402337805	0.548	0.611	1
Chgb	0.568331373	0.133375272	0.548	0.556	1
Gpx3	0.572182115	0.208831523	0.468	0.333	1
Vat1l	0.576171806	0.071968433	0.468	0.111	1
Hspa5	0.57625232	-0.09837275	0.694	0.556	1
Drgx	0.576274677	-0.004786702	0.661	0.556	1
Fgf13	0.576285854	-0.38226511	0.806	0.889	1
Trappc3l	0.576288089	-0.080977177	0.71	0.556	1
Oas1b	0.580048863	0.050735029	0.339	0.056	1
Camk2n1	0.580048863	0.201703589	0.565	0.5	1
Zfp136	0.581225047	0.000767943	0.339	0	1
Gbp7	0.587965947	0.207122586	0.903	0.611	1
Trpm8	0.588073198	0.058458237	0.532	0.278	1
Ccl27	0.588073198	0.254039325	0.387	0.222	1
Nrn1	0.588127886	-0.134298473	0.871	0.833	1
C1s	0.590151221	0.003393732	0.371	0	1
Smarca5	0.592079971	-0.34610643	0.758	0.556	1
Nfkbia	0.595932629	1.190281213	0.742	0.556	1
Mrgprb4	0.595932629	0.047266273	0.952	0.611	1
B3gat2	0.595932629	-0.001008769	0.323	0.167	1
Rell1	0.595932629	0.204734443	0.71	0.611	1
Calb1	0.595932629	0.00192241	0.5	0.278	1
Cdh2	0.599994225	0.149872516	0.5	0.389	1
Lmna	0.603948157	0.367561513	0.387	0.111	1
Fastkd1	0.608032922	-0.010374081	0.952	0.667	1
Stmn4	0.608108644	-0.133834015	0.887	0.778	1
Smim18	0.612011758	0.15265136	0.274	0.111	1
Ick	0.612011758	0.118833258	0.758	0.5	1
Nsg1	0.612011758	-0.519286272	0.355	0.167	1
Itgb8	0.612011758	0.003043673	0.435	0.056	1
Ulk2	0.612011758	0.175738085	0.581	0.222	1
Pcbd1	0.612114	-0.275134456	0.532	0.333	1
Atp6v1g2	0.612114	0.179118453	0.645	0.389	1
Incenp	0.616119277	-0.094765335	0.581	0.278	1
Lgals1	0.616235076	-0.243066326	0.968	1	1
Mmp14	0.620122641	0.070557573	0.645	0.611	1
Ngfr	0.620223139	0.136006462	0.613	0.333	1
Mapt	0.620274383	-0.402585186	0.774	0.667	1
Isl1	0.624252494	0.13238871	0.452	0.222	1
Bex2	0.624364247	-0.066693296	0.919	0.889	1
Serpinb6a	0.624366278	-0.069898325	0.935	0.944	1
Hectd4	0.628280001	0.002189087	0.984	0.556	1
Sac3d1	0.628280001	0.076742524	0.565	0.5	1
Epb41l3	0.632543484	-0.241999476	0.935	0.778	1
Bglap	0.636483014	0.062169368	0.887	0.611	1
Meis1	0.636483014	4.22E-06	0.629	0.333	1
Fjx1	0.638134746	0.059213417	0.419	0	1
Ccne2	0.640334591	0.001665126	0.468	0.278	1
Kif5a	0.640758035	0.071336498	0.952	0.833	1
Map1b	0.640765863	-0.066184256	1	1	1
Ahnak	0.644730839	0.258443059	0.694	0.556	1
AABR07035428.2	0.644730839	-0.587750839	0.548	0.278	1
Ccdc62	0.646066061	-3.33E-05	0.355	0	1
Ntrk1	0.648994187	0.406005705	0.742	0.722	1
Man2a1	0.653022619	0.080376912	0.306	0.056	1
Egfl7	0.653022619	0.073963482	0.661	0.5	1
Parp14	0.653022619	0.223048129	0.532	0.556	1
Tnfaip8l3	0.653022619	0.024758588	0.419	0	1
Cyr61	0.657032145	-0.11446533	0.258	0.056	1
Sema4a	0.661357481	-0.010565203	0.742	0.389	1
RGD1560028	0.661357481	-0.246824698	0.323	0.111	1
Exoc1l	0.665592376	0.118195037	0.419	0.278	1
Mt1	0.665592376	0.287453818	0.339	0.167	1
Scd2	0.665592376	-0.258763801	0.984	0.667	1
Cst3	0.665693635	0.057528192	0.952	0.889	1
Ywhah	0.665695476	-0.158306924	1	0.944	1
Tyrp1	0.669734535	-0.027010947	0.758	0.611	1
Ptpn2	0.669734535	-0.235812649	0.258	0.167	1
LOC102548682	0.669734535	0.083133156	0.5	0.444	1
Tpm1	0.674088104	-0.099239027	0.984	0.944	1
Tspan8	0.674089904	-0.253324701	0.919	0.944	1
Angptl4	0.678152876	0.057552333	0.855	0.556	1
Atf6	0.678152876	-0.338088726	0.516	0.389	1
Cyp51	0.678240162	-0.441694198	0.935	0.722	1
Hpcal1	0.682489918	0.326221634	0.597	0.333	1
Sod2	0.682489918	0.118458032	0.677	0.389	1
Cavin3	0.682489918	-0.279414469	0.758	0.722	1
Fstl1	0.682525105	0.134682055	1	1	1
Clec2g	0.686611584	0.087579693	0.548	0.333	1
AC141028.3	0.689589116	-0.005554758	0.435	0.111	1
Prmt9	0.690621618	0.114136126	0.629	0.333	1
Msmo1	0.690903929	-0.094869882	0.903	0.611	1
Eef1a2	0.690903929	-0.12397425	0.613	0.278	1
Xaf1	0.695109723	0.170571389	0.371	0.056	1
Ube2d1	0.69519293	-0.27085397	0.645	0.389	1
Aak1	0.699420244	-0.307844129	0.484	0.333	1
Ank2	0.69948059	-0.359338229	0.79	0.611	1
Kifap3	0.6995141	0.073265165	1	1	1
Polr3f	0.703646343	-0.017291434	0.516	0.167	1
Ppm1f	0.703646343	-0.283997507	0.419	0.056	1
Plekha8	0.707706216	-0.157322203	0.274	0.167	1
Gnao1	0.707974541	0.043813577	0.645	0.444	1
Gstt1	0.707974541	-0.344606686	0.919	0.667	1
Afdn	0.708008846	-0.090424438	0.79	0.556	1
Thy1	0.708033342	-0.045362678	0.694	0.5	1
Sbspon	0.710189464	-0.001465684	0.452	0.056	1
Fbp2	0.712220477	0.024559504	0.452	0.222	1
Hgf	0.712220477	0.46133605	0.29	0.111	1
Usp1	0.712220477	-0.014440772	0.468	0.111	1
Blm	0.712220477	0.080937192	0.677	0.556	1
Sacs	0.712220477	0.436950965	0.419	0.167	1
Kcnv1	0.712299479	-0.676754964	0.694	0.389	1
Susd6	0.712299479	-0.306358443	0.516	0.333	1
Dcn	0.71646401	0.077735087	0.968	0.556	1
Tuba1a	0.716654865	-0.088535457	1	1	1
Pdlim2	0.720831148	0.001542324	0.742	0.556	1
Cib2	0.720908002	-0.057571384	0.613	0.444	1
Ccl4	0.725094167	0.017755016	0.887	0.556	1
Id2	0.725248825	-0.389935404	0.839	0.778	1
Prpf40b	0.725264277	-0.47635753	0.984	0.778	1
Adcyap1	0.729477361	0.18329578	0.403	0.056	1
Fam162a	0.73390957	-0.187640181	0.726	0.611	1
Ushbp1	0.735074564	-0.000958668	0.403	0.056	1
Ifit1	0.738038178	-0.014789098	0.5	0.5	1
Ddit3	0.742582474	0.34890959	0.629	0.389	1
Rgs2	0.746872374	-0.118663082	0.29	0.167	1
Klf4	0.746872374	0.232326781	0.903	0.611	1
Gpx2	0.746872374	0.226897031	0.274	0.111	1
Dusp6	0.746872374	0.023589843	0.403	0.222	1
Lonrf2	0.746942611	-0.25981473	0.71	0.611	1
Hnrnpa2b1	0.746942611	0.180680968	0.839	0.667	1
Mki67	0.747725844	8.20E-05	0.323	0	1
AABR07068590.2	0.747725844	0.000110303	0.371	0	1
Timp4	0.751049633	-0.006615879	0.79	0.5	1
Tmem59l	0.751330598	-0.136847443	0.661	0.5	1
Arhgap36	0.755619121	0.011585102	0.29	0.222	1
Ttc30b	0.755619121	-0.031228061	0.435	0.056	1
Cnn3	0.755687097	-0.592147624	0.806	0.611	1
Scn11a	0.755687097	-0.400135236	0.597	0.333	1
Zfp105	0.760071186	0.149284664	0.984	0.667	1
Ch25h	0.764397305	0.046525253	0.339	0	1
Map2	0.764462995	-0.202513537	0.597	0.444	1
Nr4a3	0.767827273	0.097939662	0.726	0.5	1
Aldoc	0.768882138	-0.217905046	0.726	0.556	1
Elavl4	0.768903195	-0.169147373	0.855	0.667	1
Apoe	0.773205869	-0.555070241	0.79	0.556	1
Hk2	0.773205869	-0.224297803	0.452	0.056	1
Fbn1	0.773205869	-0.00243494	0.306	0.222	1
Atad2	0.773205869	0.152661192	0.419	0.111	1
LOC103689961	0.773301562	-0.403181671	0.919	0.667	1
Ubc	0.777702456	0.092395356	0.71	0.444	1
Sparc	0.782043743	0.020641916	0.677	0.5	1
Id3	0.782043743	0.096442545	0.758	0.5	1
Faim2	0.786551514	-0.162104669	0.597	0.444	1
LOC654482	0.790337499	-0.006751426	0.355	0.056	1
AABR07026112.1	0.790909847	-0.007133573	0.597	0.611	1
Chd7	0.790909847	0.089026486	0.339	0	1
Jun	0.790968528	0.574896134	0.597	0.667	1
Sertad4	0.795386003	0.08760886	0.5	0.444	1
Dda1	0.795446984	-0.038805562	0.839	0.667	1
Rnf38	0.797206348	0.024294418	0.548	0.278	1
Cxcl16	0.799803089	0.074330811	0.742	0.611	1
Frmd6	0.799803089	0.040477227	0.726	0.611	1
Vwa1	0.799803089	0.009790713	0.935	0.611	1
Rbp4	0.799859387	0.025146505	0.581	0.278	1
Gal	0.804291033	-0.36150292	0.968	0.667	1
Syt1	0.804291033	0.113181692	0.742	0.556	1
Sema4f	0.804291033	-0.455839377	0.806	0.667	1
Snap25	0.804353967	-0.098362357	0.984	0.944	1
Gadd45a	0.808722367	0.392155599	0.274	0.167	1
Thbs4	0.808722367	0.01374903	0.984	0.611	1
Nfkb1	0.808722367	0.355316496	0.403	0.222	1
Sesn1	0.808722367	0.042434523	0.419	0.056	1
Rit2	0.808776259	-0.023098117	0.5	0.278	1
Jund	0.813221532	0.0502054	0.565	0.389	1
Basp1	0.813244104	-0.840971542	1	0.667	1
Sqle	0.813260222	-0.319210171	0.645	0.5	1
Klc1	0.813281706	-0.086328278	1	1	1
Ldb2	0.817666569	-0.080098602	0.468	0.167	1
Gyg1	0.817718035	-0.234129433	0.371	0.278	1
Nppb	0.820634963	-0.028467534	0.355	0	1
Rnf168	0.822176382	-0.226729882	0.565	0.5	1
Nmt2	0.822176382	0.387153733	0.694	0.611	1
AABR07054716.1	0.826634572	0.176167014	0.71	0.611	1
Tp53inp1	0.826634572	0.001579638	0.387	0	1
Plcxd3	0.826634572	0.662959884	0.371	0	1
Cplx1	0.826683591	-0.010839886	0.694	0.611	1
Snca	0.826683591	-0.827925488	0.984	0.722	1
Cpe	0.826683591	-0.020923125	0.613	0.5	1
Scn1b	0.831189556	0.0277971	0.629	0.389	1
Fam188a	0.831189556	-0.326788518	0.758	0.5	1
Scd	0.835625245	-0.147889122	0.419	0.167	1
Vps52	0.835625245	0.278316333	0.5	0.5	1
Ano3	0.835625245	-0.182672183	0.29	0.111	1
Hsp90b1	0.835671799	0.310197214	0.742	0.611	1
Clu	0.835704078	-0.71455007	0.984	0.944	1
Ugt1a7c	0.840154625	-0.227122824	0.919	0.667	1
Bcam	0.840187905	0.171344287	0.613	0.389	1
Dhh	0.844637448	0.152437766	0.935	0.611	1
Galns	0.844637448	0.029979308	0.79	0.611	1
Syngr3	0.844681518	0.299337005	0.548	0.278	1
Tnfsf15	0.846675685	-0.002163299	0.306	0	1
Gprasp1	0.849175738	-0.751330608	0.919	0.667	1
Noct	0.849175738	-0.256774801	0.871	0.667	1
Tmsb10	0.85826269	0.016308195	1	1	1
Nek8	0.862657214	0.06002711	0.613	0.5	1
Erbin	0.86272184	-0.219039888	0.339	0.222	1
Tf	0.867276186	-0.246957953	0.532	0.333	1
F12	0.867276186	-0.608773594	0.984	0.667	1
Atp1a1	0.867319346	-0.098372189	0.968	0.944	1
Fosb	0.871791708	0.106516028	0.581	0.444	1
Ramp3	0.871791708	0.054361582	0.484	0.167	1
Slc3a2	0.871828226	0.408939642	0.516	0.278	1
Dync1i1	0.871828226	-0.256831725	0.597	0.389	1
Fcer1g	0.876127557	0.077885273	0.323	0	1
Mgst1	0.876379078	-0.56660269	0.952	0.778	1
Micu3	0.876379078	-0.058217949	0.613	0.389	1
Nr1d1	0.880878465	0.250667027	0.806	0.556	1
Elovl2	0.880878465	0.264706777	0.452	0.167	1
Adgrg6	0.880878465	0.135083886	0.339	0.056	1
Nuak1	0.880878465	0.188474374	0.339	0	1
Cd55	0.880929755	-0.265800926	0.871	0.833	1
Gpr22	0.885446492	-0.260607221	0.903	0.667	1
Ahdc1	0.885446492	-0.257189834	0.919	0.667	1
Ifi27l2b	0.885483833	0.228473275	0.984	0.944	1
Il33	0.889980931	-0.273627074	0.306	0.111	1
Ckmt1	0.890028355	0.156262092	0.629	0.389	1
Fiz1	0.894515538	0.036049436	0.935	0.556	1
Fos	0.894554903	0.791491741	0.532	0.444	1
Arl13b	0.894554903	-0.248632462	0.887	0.667	1
Serpina11	0.894577026	0.065832506	0.823	0.722	1
Slc4a4	0.899097924	0.23872722	0.274	0.111	1
Mgll	0.899126759	0.12470353	0.323	0.167	1
Lgals9	0.912812306	-0.134339528	0.952	0.667	1
Cdc42ep3	0.91737072	-0.177978233	0.565	0.333	1
Fermt2	0.91737072	-0.273440384	0.548	0.333	1
Ccl6	0.917830133	0.000115598	0.355	0	1
Lmo2	0.917830133	0.046948267	0.339	0	1
LOC102556347	0.921958909	-0.003369872	0.806	0.667	1
ENSRNOG00000025889	0.921975326	-0.033634606	0.823	0.778	1
Lix1	0.926524129	0.033876719	0.79	0.611	1
Ifi27	0.931138398	-0.009536709	1	1	1
Spock2	0.935687273	-0.063014649	0.387	0.222	1
Rcan2	0.935687273	-0.60224188	0.452	0.167	1
Tubb2b	0.935715112	0.212075989	0.613	0.333	1
Gnas	0.935718119	0.008198376	0.935	0.944	1
S100a13	0.935718495	-0.101586011	0.742	0.556	1
Cav1	0.939372309	-0.013679128	0.306	0	1
Rgs1	0.940259525	0.069935323	0.887	0.556	1
Tspan12	0.940281908	-0.555331588	0.613	0.278	1
Mturn	0.940281908	0.033452901	0.306	0.222	1
Igfbp5	0.944858944	-0.822295997	0.823	0.611	1
Cmip	0.944874762	-0.250998221	0.774	0.722	1
Trib1	0.949455889	-0.302268245	0.919	0.611	1
S100a16	0.949455889	0.255980193	0.355	0.111	1
RGD1305733	0.949455889	-0.088176861	0.694	0.444	1
Ada	0.949455889	-0.21899588	0.855	0.667	1
Scg5	0.949466542	-0.410586176	0.823	0.556	1
Tuba4a	0.949466542	0.052373787	0.694	0.611	1
Anxa5	0.949469499	-0.102244193	0.952	0.722	1
Nedd1	0.951816718	0.007399972	0.323	0	1
AC124205.1	0.954037931	0.058414155	0.903	0.556	1
Fstl3	0.954037931	0.041879688	0.677	0.611	1
Pafah1b3	0.954051122	0.332890281	0.742	0.722	1
Reg3b	0.957262348	0.030680469	0.387	0.056	1
LOC100909712	0.958636575	0.125441332	0.968	0.667	1
Giot1	0.958636575	-0.022845337	0.774	0.667	1
Oxsm	0.958636575	-0.381588674	0.935	0.667	1
Fxyd1	0.963223018	-0.427842973	0.419	0.167	1
Cntf	0.963223018	-0.00106973	0.452	0.056	1
Casp3	0.963223018	0.145829016	0.29	0.167	1
Cdh1	0.963223018	0.210385512	0.855	0.611	1
Atf4	0.963233577	-0.433387638	0.661	0.444	1
H3f3b	0.967829537	0.230973523	0.645	0.556	1
Zwint	0.967832364	0.023727926	0.919	0.778	1
Col5a3	0.977013197	-0.24452168	0.887	0.667	1
Dgkb	0.981606622	-0.10739156	0.484	0.222	1
Peg3	0.981606622	-0.232189111	0.774	0.611	1
Tesc	0.981611906	0.120748285	0.355	0.389	1
Cklf	0.986206697	-0.460944948	0.774	0.556	1
Dsel	0.986206697	-0.091515472	0.984	0.667	1
Hebp2	0.986206697	0.073544054	0.597	0.333	1
Polr3g	0.986210335	-0.274923421	1	0.778	1
Pak3	0.990805342	-0.020870044	0.387	0.278	1
Hopx	0.99080669	0.052713078	0.903	0.722	1
Tox3	0.995393702	0.001341241	0.597	0.333	1
Spats2l	0.995402029	-0.061121327	0.306	0.222	1
Zfp36	1	0.46269171	0.532	0.5	1
Tyrobp	1	-0.0135943	0.355	0	1
Mdfic	1	0.272973344	0.371	0.056	1
Eif4ebp3	1	-0.164289784	0.661	0.444	1
Afg3l1	1	0.041061141	0.645	0.611	1
Cpq	1	-0.009573272	0.435	0.278	1
Neurl4	1	5.27E-06	0.742	0.556	1
Zfp444	1	0.004786009	0.516	0.333	1
ENSRNOG00000058555	1	-0.001188943	0.29	0	1