id	p_val	avg_log2FC	pct.1	pct.2	p_val_adj
Xdh	0.000226933	0.524959325	1	0	0.453866957
Aqp1	0.000285779	0.122480941	0.984	0	0.571558573
Srd5a2	0.000285779	0.004305163	0.984	0	0.571558573
Hoxb4	0.000285779	0.280145423	0.984	0	0.571558573
Trib3	0.000285779	0.014279487	0.984	0	0.571558573
AABR07016934.1	0.000285779	0.046416249	0.984	0	0.571558573
F12	0.000285779	0.166249631	0.984	0	0.571558573
Hectd4	0.000285779	0.054625306	0.984	0	0.571558573
Lrat	0.000285779	0.01469337	0.984	0	0.571558573
Kcnc1	0.000285779	0.011137225	0.984	0	0.571558573
Cenpe	0.000285779	0.065860497	0.984	0	0.571558573
Mboat4	0.000285779	0.064449664	0.984	0	0.571558573
Wdr17	0.000285779	0.105230819	0.984	0	0.571558573
Btc	0.000285779	0.043238253	0.984	0	0.571558573
Brinp2	0.000285779	0.0200032	0.984	0	0.571558573
Klhdc8b	0.000285779	0.143153792	0.984	0	0.571558573
Dsel	0.000285779	0.121589796	0.984	0	0.571558573
Ccdc68	0.000285779	0.47433409	0.984	0	0.571558573
Rab11fip3	0.000285779	0.209255005	0.984	0	0.571558573
Gfra3	0.000285779	0.296313013	0.984	0	0.571558573
Nrxn2	0.000285779	0.632940505	0.984	0	0.571558573
Cd34	0.000285779	0.05199185	0.984	0	0.571558573
RGD1309621	0.000285779	0.239041237	0.984	0	0.571558573
ENSRNOG00000030871	0.000285779	0.38571629	0.984	0	0.571558573
Zfp105	0.000360187	0.693945843	0.984	0	0.720373024
Zbtb47	0.000447701	0.022705256	0.952	0	0.895401759
Dcn	0.000450602	0.130714983	0.968	0	0.901203697
Gal	0.000450602	0.18388318	0.968	0	0.901203697
Crip1	0.000450602	0.678069343	0.968	0	0.901203697
Fam46a	0.000450602	0.082144152	0.968	0	0.901203697
Rims1	0.000450602	0.03022791	0.968	0	0.901203697
Ina	0.000450602	0.319419314	0.968	0	0.901203697
Cpne5	0.000450602	0.051139335	0.968	0	0.901203697
Mrgprb5	0.000450602	0.010617817	0.968	0	0.901203697
Kntc1	0.000450602	0.167026137	0.968	0	0.901203697
Ecel1	0.000450602	0.262419476	0.968	0	0.901203697
Mab21l2	0.000450602	0.108929643	0.968	0	0.901203697
Zfp37	0.000450602	0.174780781	0.968	0	0.901203697
Slc25a15	0.000450602	0.093323974	0.968	0	0.901203697
Atg2b	0.000450602	0.014575675	0.968	0	0.901203697
Cmpk2	0.000450602	0.16888043	0.968	0	0.901203697
Zbtb38	0.000450602	0.380995879	0.968	0	0.901203697
Tstd1	0.000450602	0.015296075	0.968	0	0.901203697
Rgl1	0.000450602	0.008918897	0.968	0	0.901203697
AABR07004228.1	0.000450602	0.005699514	0.968	0	0.901203697
Tmcc2	0.000450602	0.103865183	0.968	0	0.901203697
Tmem164	0.000450602	0.069045293	0.968	0	0.901203697
Nov	0.000561464	0.032911594	0.952	0	1
Fgf2	0.000561464	0.066740312	0.952	0	1
Gatb	0.000689821	0.003431365	0.919	0	1
Bdnf	0.000701005	1.551982681	0.952	0	1
Rbp2	0.000701005	0.030004529	0.952	0	1
Reg3a	0.000701005	0.092674493	0.952	0	1
Lgals9	0.000701005	0.393347998	0.952	0	1
Jazf1	0.000701005	0.013511627	0.952	0	1
Cdkn3	0.000701005	0.234928244	0.952	0	1
Snorc	0.000701005	0.240807161	0.952	0	1
Plxnd1	0.000701005	0.049134187	0.952	0	1
Rtp4	0.000701005	0.026507955	0.952	0	1
Cst6	0.000701005	0.389377536	0.952	0	1
Tipinl1	0.000701005	0.007895274	0.952	0	1
Taf6l	0.000701005	0.014313584	0.952	0	1
Zfp503	0.000701005	0.221301495	0.952	0	1
Fastkd1	0.000701005	0.211239598	0.952	0	1
LOC691143	0.000701005	0.01027737	0.952	0	1
Lrriq1	0.000701005	0.490892987	0.952	0	1
ENSRNOG00000034161	0.000701005	1.28263726	0.952	0	1
Sh3bgrl3	0.000873607	-0.980717317	0.984	1	1
Cxcl2	0.001076052	0.100087611	0.935	0	1
Fiz1	0.001076052	0.088971815	0.935	0	1
Npy1r	0.001076052	0.234726168	0.935	0	1
Baiap2l1	0.001076052	0.100850591	0.935	0	1
Jmjd1c	0.001076052	0.132393354	0.935	0	1
LOC691995	0.001076052	0.32305182	0.935	0	1
Cd302	0.001076052	0.273855071	0.935	0	1
Zfhx3	0.001076052	0.01545625	0.935	0	1
Dcxr	0.001076052	0.123452017	0.935	0	1
Ak5	0.001076052	0.388986531	0.935	0	1
Lrrtm3	0.001076052	0.071923698	0.935	0	1
Ret	0.001076052	0.106136527	0.935	0	1
Oxsm	0.001076052	0.138000885	0.935	0	1
Cadps2	0.001076052	0.013068935	0.935	0	1
Stx1a	0.001076052	0.264706341	0.935	0	1
Map4k5	0.001076052	0.057865224	0.935	0	1
Pmp2	0.001328741	0.840751338	0.935	0	1
Hpcal4	0.00155721	0.007377729	0.855	0	1
Ptgds	0.001629853	0.457320081	0.919	0	1
Irf1	0.001629853	0.022416982	0.919	0	1
Id1	0.001629853	0.229927321	0.919	0	1
Cgas	0.001629853	0.00776467	0.919	0	1
Gda	0.001629853	0.038200452	0.919	0	1
Nampt	0.001629853	0.259355047	0.919	0	1
Nfil3	0.001629853	0.133414929	0.919	0	1
Trib1	0.001629853	0.214080017	0.919	0	1
Kctd14	0.001629853	-0.000455822	0.919	0	1
Gprasp1	0.001629853	0.348829604	0.919	0	1
Snai2	0.001629853	0.013603844	0.919	0	1
Pmepa1	0.001629853	0.082670776	0.919	0	1
Ugt1a7c	0.001629853	0.1599998	0.919	0	1
Gstt1	0.001629853	0.119373185	0.919	0	1
Galnt14	0.001629853	0.100730345	0.919	0	1
Ahdc1	0.001629853	0.128102208	0.919	0	1
LOC102550036	0.001629853	0.008309952	0.919	0	1
Tox2	0.001629853	0.144135319	0.919	0	1
Emcn	0.00240444	0.088379788	0.871	0	1
MGC108823	0.002436055	0.037526242	0.903	0	1
Mtmr2	0.002436055	0.264461245	0.903	0	1
Psmc3ip	0.002436055	0.032811816	0.903	0	1
Pmfbp1	0.002436055	0.066233687	0.903	0	1
Gpr22	0.002436055	0.125715349	0.903	0	1
Mylip	0.002436055	0.185494603	0.903	0	1
Ier5l	0.002436055	0.0188041	0.903	0	1
Mok	0.002436055	0.21568918	0.903	0	1
Slc43a3	0.002436055	0.011621763	0.903	0	1
Hoxb2	0.002436055	0.011280928	0.903	0	1
Gprc5b	0.002870151	0.003190746	0.839	0	1
Rgs1	0.002957438	0.075494154	0.887	0	1
LOC680045	0.00328876	0.007072446	0.79	0	1
Slit2	0.003381234	0.010878103	0.806	0	1
Hdac5	0.00350976	0.008417493	0.839	0	1
Ccl4	0.003593117	0.070734912	0.887	0	1
Bglap	0.003593117	0.092286131	0.887	0	1
Col5a3	0.003593117	0.379911883	0.887	0	1
Krba1	0.003593117	0.095290854	0.887	0	1
Id4	0.003593117	0.836086708	0.887	0	1
Slc16a13	0.003593117	0.004919793	0.887	0	1
St3gal6	0.003593117	0.178717781	0.887	0	1
Grik1	0.003593117	0.472913863	0.887	0	1
Ahi1	0.003593117	0.417083519	0.887	0	1
Pde2a	0.003593117	0.111424829	0.887	0	1
Arl13b	0.003593117	0.136356483	0.887	0	1
Abcg3l3	0.003593117	0.009056265	0.887	0	1
Ano4	0.003593117	0.085233013	0.887	0	1
Rin2	0.003593117	0.008203461	0.887	0	1
Spata6l	0.003924558	0.004643207	0.774	0	1
Kazald1	0.004044502	0.009506675	0.79	0	1
ENSRNOG00000054017	0.004664731	0.014613306	0.758	0	1
Spry4	0.004818735	0.005726763	0.774	0	1
Ccl2	0.005230278	0.960019998	0.871	0	1
Nuf2	0.005230278	0.006530426	0.871	0	1
Ifih1	0.005230278	0.121661193	0.871	0	1
Scrg1	0.005230278	0.156657006	0.871	0	1
Negr1	0.005230278	0.009863945	0.871	0	1
Hsbp1l1	0.005230278	0.196306725	0.871	0	1
Noct	0.005230278	0.095313848	0.871	0	1
Slc8b1	0.005230278	0.288235316	0.871	0	1
Tob1	0.005230278	0.118318676	0.871	0	1
Uba7	0.005230278	0.00715339	0.871	0	1
Dag1	0.005230278	0.357472517	0.871	0	1
Itsn1	0.005230278	0.04546053	0.871	0	1
Ppp1r42	0.005230278	0.007797628	0.871	0	1
Nupl2	0.005230278	0.042990209	0.871	0	1
Kcnip1	0.005241552	-1.399015869	0.194	0.4	1
Hspb1	0.005442703	-0.920604763	0.968	1	1
AABR07055191.1	0.005522867	0.002676387	0.742	0	1
Plvap	0.006513755	0.002997288	0.726	0	1
Metrnl	0.006513755	0.002203983	0.726	0	1
Ccdc138	0.006513755	0.002379051	0.726	0	1
Fam83h	0.006760705	0.002695574	0.742	0	1
Psmb9	0.007484764	0.181878347	0.839	0	1
Penk	0.007514027	0.01203974	0.855	0	1
Angptl4	0.007514027	0.052653131	0.855	0	1
Zfp521	0.007514027	0.01027815	0.855	0	1
Cd3eap	0.007514027	0.108918597	0.855	0	1
Pdlim4	0.007514027	0.102648651	0.855	0	1
Tap1	0.007514027	0.022297117	0.855	0	1
Rassf7	0.007514027	0.006972817	0.855	0	1
Tjp1	0.007514027	0.143686875	0.855	0	1
Fdx1	0.007514027	0.232790521	0.855	0	1
Nfkbie	0.007514027	0.011997872	0.855	0	1
Gpatch4	0.007514027	0.005476099	0.855	0	1
Cdh1	0.007514027	0.235146724	0.855	0	1
Sspn	0.007514027	0.1044262	0.855	0	1
Socs1	0.007514027	0.042327241	0.855	0	1
Ada	0.007514027	0.322511749	0.855	0	1
Nppc	0.007653418	0.001867642	0.71	0	1
Zfp354c	0.008435774	0.025277157	0.758	0	1
Epas1	0.008738496	0.135649684	0.79	0	1
Col3a1	0.008959141	0.003450305	0.694	0	1
C1qc	0.008959141	0.000149367	0.694	0	1
Dmwd	0.008959141	0.000331542	0.694	0	1
RatNP-3b	0.008959141	0.000193283	0.694	0	1
AABR07036331.2	0.008959141	0.004338115	0.694	0	1
Zfp260	0.008959141	0.002187089	0.694	0	1
RT1-T24-4	0.008959141	0.000746555	0.694	0	1
Sox15	0.008959141	0.002657473	0.694	0	1
Cldn19	0.008959141	0.000808406	0.694	0	1
Sgo1	0.008959141	0.004554734	0.694	0	1
Cd9	0.008972491	1.48562593	0.968	0.2	1
Arid5a	0.009342206	0.001816467	0.71	0	1
Clcn5	0.009342206	0.012857987	0.71	0	1
Sorcs2	0.009342206	-0.000924169	0.71	0	1
Gpc3	0.01044949	0.000375132	0.677	0	1
Lmod1	0.01044949	0.001549388	0.677	0	1
Igfbp3	0.010654739	0.515091851	0.839	0	1
Id2	0.010654739	0.711452151	0.839	0	1
Gfpt2	0.010654739	0.010138472	0.839	0	1
Il31ra	0.010921246	0.097776456	0.694	0	1
Ucn2	0.011325335	0.000207842	0.71	0	1
Gnao1	0.011435636	-1.479993589	0.645	0.8	1
Comp	0.012550576	0.005136472	0.806	0	1
Calcb	0.012639055	1.510947708	0.984	0.2	1
Acpp	0.012639055	0.775608454	0.839	0	1
C1qb	0.012721282	0.002349877	0.677	0	1
Tjp2	0.012721282	0.001141798	0.677	0	1
Prex1	0.012721282	0.000349639	0.677	0	1
Fbrsl1	0.012721282	0.000398069	0.677	0	1
Aspa	0.012721282	0.000618575	0.677	0	1
Lrrk2	0.012721282	0.000992935	0.677	0	1
Lrfn3	0.012721282	0.000329848	0.677	0	1
Neb	0.013219171	-0.001059991	0.694	0	1
Apoe	0.014462543	-1.288322922	0.79	1	1
Anxa5	0.014462543	-1.428137136	0.952	1	1
Cdh5	0.014912977	-0.004556555	0.823	0	1
Lef1	0.014912977	0.008821023	0.823	0	1
Asic1	0.014912977	0.194075024	0.823	0	1
Limd2	0.014912977	0.824270006	0.823	0	1
Dgki	0.014912977	0.030164823	0.823	0	1
Mphosph9	0.016329896	0.000718048	0.71	0	1
Slc39a10	0.017574584	1.029749842	0.823	0	1
Top2a	0.017819536	0.001259172	0.661	0	1
Mgp	0.017819536	0.063041449	0.661	0	1
Acer2	0.017819536	0.003149831	0.661	0	1
ENSRNOG00000054774	0.017819536	0.000511048	0.661	0	1
Zfp964	0.017819536	0.014014386	0.661	0	1
Susd2	0.018755126	1.383644788	0.952	0.2	1
Ndst3	0.018992713	0.000488433	0.694	0	1
Hlx	0.019689863	-0.000969106	0.629	0	1
Timp4	0.020542908	0.000671589	0.79	0	1
Zcchc12	0.020604834	0.020376034	0.806	0	1
Stap2	0.020604834	0.0555685	0.806	0	1
Rhpn2	0.020604834	0.003295897	0.806	0	1
Sema4f	0.020604834	0.190854495	0.806	0	1
Klf13	0.020604834	0.534744333	0.806	0	1
Zfp52	0.02135503	0.00109397	0.661	0	1
Il1b	0.022561383	0.003569378	0.694	0	1
AABR07052486.1	0.023694457	0.001691599	0.629	0	1
Rad51ap1	0.023983358	-8.18E-05	0.774	0	1
Polr3g	0.024138571	-0.084750782	1	0.2	1
AABR07021544.1	0.02447319	0.059867747	0.581	0	1
Ibsp	0.024626257	-0.001025324	0.645	0	1
Bard1	0.024626257	6.60E-05	0.645	0	1
Bub1	0.024626257	0.000154934	0.645	0	1
Zfp300	0.024626257	-0.003911456	0.645	0	1
Npw	0.024626257	8.94E-05	0.645	0	1
Idi1	0.024910728	-1.4610017	0.774	0.8	1
Lmo7	0.02542477	-0.000650373	0.661	0	1
Mdh1	0.025692237	-0.79475256	0.919	1	1
Cox15	0.026097156	0.007114878	0.677	0	1
Cyyr1	0.027712401	0.111471405	0.742	0	1
Abcb1b	0.028105512	0.185858929	0.79	0	1
Nnat	0.028105512	0.208187106	0.79	0	1
Lix1	0.028105512	0.063862236	0.79	0	1
Cenpw	0.028105512	0.005392829	0.79	0	1
AABR07009106.1	0.028105512	0.282230102	0.79	0	1
Myo1a	0.028105512	0.01161176	0.79	0	1
Hoxb5	0.028105512	0.20030156	0.79	0	1
Camk2a	0.028105512	0.033935226	0.79	0	1
Cst12	0.028105512	0.211830009	0.79	0	1
Tmem216	0.028105512	0.016273641	0.79	0	1
Ppp1r9a	0.028105512	0.215641428	0.79	0	1
Krt8	0.028105512	0.018145353	0.79	0	1
Galns	0.028105512	0.037323122	0.79	0	1
Epha5	0.028158901	-2.054664695	0.984	0.8	1
Tspan8	0.028158901	-1.072900567	0.919	0.8	1
Pllp	0.02899535	-0.686156602	0.984	0.2	1
Plscr1	0.02926727	-0.001220036	0.645	0	1
Exosc3	0.030084152	0.064551371	0.661	0	1
Acot1	0.030764528	0.180825941	0.677	0	1
Cyba	0.030764528	0.084804662	0.677	0	1
Slc30a2	0.030764528	0.000118959	0.677	0	1
Gulp1	0.030764528	0.031128753	0.677	0	1
Thbs4	0.030797001	-0.856611531	0.984	0.2	1
Kcng1	0.030797001	-0.751244235	0.984	0.2	1
Arhgap15	0.030797001	-1.19558697	0.984	0.2	1
Ddit4l2	0.030797001	-0.992875939	0.984	0.2	1
Gfm2	0.030797001	-0.852041533	0.984	0.2	1
Taf7	0.030797001	-1.495857909	0.984	0.2	1
Scgb1a1	0.031097209	0.002552812	0.597	0	1
Myof	0.031678742	0.002893809	0.548	0	1
AABR07053516.1	0.031759294	-0.000478303	0.71	0	1
Sox5	0.032097604	0.00071643	0.726	0	1
Il15ra	0.032097604	0.002673777	0.726	0	1
Nr4a3	0.032097604	0.103845841	0.726	0	1
Brpf1	0.03252025	0.002618959	0.758	0	1
Vcam1	0.033579584	-0.000787254	0.629	0	1
Tfeb	0.033579584	-0.003132059	0.629	0	1
Tgds	0.033579584	0.000925255	0.629	0	1
Slfn4	0.033675058	0.001109137	0.565	0	1
Calcrl	0.035391367	0.060113542	0.661	0	1
LOC100909712	0.036789355	-0.379559734	0.968	0.2	1
Mgst1	0.036789355	0.43213433	0.952	0.2	1
Xirp2	0.037850231	0.00142164	0.774	0	1
Giot1	0.037850231	0.176884758	0.774	0	1
Cntnap4	0.037850231	0.03586663	0.774	0	1
Cklf	0.037850231	0.267832122	0.774	0	1
Avpr1a	0.037850231	0.007694814	0.774	0	1
Cmip	0.037850231	0.87688648	0.774	0	1
Acsl4	0.037850231	0.54253632	0.774	0	1
Dlg2	0.037850231	0.026420263	0.774	0	1
Tubb2a	0.037915372	-1.134685297	0.952	0.8	1
Fbxo32	0.038995907	-0.861367161	0.968	0.2	1
Atp2b4	0.039015433	-0.246201689	0.968	0.2	1
Tmsb4x	0.041354412	0.440271589	1	1	1
Kifap3	0.041354412	-0.844958886	1	1	1
Slitrk2	0.041407239	0.006291883	0.661	0	1
Ttll7	0.042555183	-1.086784017	0.855	0.8	1
S1pr2	0.043612976	-0.939433281	0.935	0.2	1
Scn9a	0.043747487	1.905943592	0.774	0	1
Pltp	0.045182337	0.041316229	0.613	0	1
Pip	0.045182337	-0.01222107	0.613	0	1
Col1a1	0.045182337	-0.006498629	0.613	0	1
Calr4	0.045182337	0.000842931	0.613	0	1
Nefm	0.046344661	-0.407560079	1	1	1
Gbp5	0.046374955	-0.00976043	0.629	0	1
AC141102.1	0.047374033	0.065775397	0.645	0	1
Sgo2	0.047374033	0.000229575	0.645	0	1
Hsp90b1	0.047666369	-0.973760238	0.742	0.8	1
Stk32a	0.048854236	0.003769215	0.677	0	1
Mrgprb4	0.048979009	-0.80999499	0.952	0.2	1
Gadd45a	0.048979009	-0.401622156	0.274	0.2	1
Lrrfip1	0.048979009	-0.976586175	0.952	0.2	1
AC134224.3	0.049021904	1.408996907	0.984	0.6	1
Basp1	0.049024162	-1.559837094	1	0.8	1
Id3	0.050331549	0.109623594	0.758	0	1
Sostdc1	0.050331549	0.002195415	0.758	0	1
Tbx3	0.050331549	0.004728403	0.758	0	1
Scn3b	0.050331549	0.231350401	0.758	0	1
Uap1l1	0.050331549	0.037251573	0.758	0	1
Ick	0.050331549	0.125300063	0.758	0	1
Stard4	0.050331549	0.006572683	0.758	0	1
Chrne	0.050331549	0.231588987	0.758	0	1
Zfp512	0.050331549	0.161852461	0.758	0	1
Kcnk1	0.050331549	0.024597438	0.758	0	1
Cavin3	0.050331549	1.055095477	0.758	0	1
AABR07072449.1	0.050331549	0.001396105	0.758	0	1
Fyb1	0.051637491	0.000256573	0.532	0	1
Rbbp6	0.051832499	-1.792370125	0.952	0.8	1
Klc1	0.051832499	-1.129136237	1	0.8	1
Acta2	0.054162225	-0.000995179	0.548	0	1
Hist1h1e	0.054725847	-0.653105571	0.29	0.2	1
Hgf	0.054725847	-0.532757699	0.29	0.2	1
Rnf144a	0.054725847	-0.763018217	0.29	0.2	1
Hmgn3	0.054725847	-0.721769337	0.29	0.2	1
Rtn2	0.054725847	-0.608105092	0.29	0.2	1
Dnaja1	0.056294015	-0.589339074	0.968	0.8	1
ENSRNOG00000061528	0.056945344	0.020196384	0.694	0	1
Adgrf5	0.057460489	0.068357641	0.468	0	1
Dhh	0.057803848	-0.582883505	0.935	0.2	1
Ramp2	0.057803848	-0.453382945	0.29	0.2	1
Casp3	0.057803848	-0.777903985	0.29	0.2	1
Bst2	0.058326549	0.008720313	0.581	0	1
Rgs5	0.059996179	-0.00692761	0.597	0	1
Gcnt1	0.059996179	0.008226307	0.597	0	1
Wfdc15b	0.059996179	3.71E-05	0.597	0	1
AABR07018078.1	0.059996179	0.005813155	0.597	0	1
Zfhx2	0.061024399	-0.840201506	0.935	0.2	1
Bgn	0.061024399	-0.862588622	0.935	0.2	1
Ets2	0.061024399	-0.843860231	0.935	0.2	1
Gltpd2	0.061024399	-1.329803425	0.935	0.2	1
Vwa1	0.061024399	-0.593844508	0.935	0.2	1
Eef2k	0.061024399	-1.916770228	0.935	0.2	1
Gast	0.061413969	0.040794253	0.613	0	1
Adora2b	0.062598882	-0.001062697	0.629	0	1
AABR07001905.2	0.062598882	0.000535414	0.629	0	1
Mid1ip1	0.064392184	0.611701382	0.903	0.2	1
Ly6h	0.064434796	-1.550514941	0.548	0.6	1
Ebf1	0.064434796	-1.230169435	0.581	0.6	1
Ccdc149	0.065413638	0.001309839	0.694	0	1
Cxcl9	0.065740668	0.115560044	0.71	0	1
Ankrd39	0.06597149	0.000213712	0.565	0	1
Pcp4	0.066092192	0.616146149	0.742	0	1
Cxcl16	0.066092192	0.132605056	0.742	0	1
S100a13	0.066092192	2.096729738	0.742	0	1
Sema4a	0.066092192	-0.005350167	0.742	0	1
Cldn3	0.066092192	0.000208563	0.742	0	1
Mrgprx3	0.066092192	0.316186874	0.742	0	1
Dact1	0.066092192	0.02952646	0.742	0	1
Pdlim2	0.066092192	0.007095666	0.742	0	1
Npb	0.066092192	0.141118444	0.742	0	1
Zfp385a	0.066092192	0.073242741	0.742	0	1
Necab2	0.066092192	0.09198609	0.742	0	1
Ccr10	0.066092192	0.003250636	0.742	0	1
Nme5	0.066092192	0.001457215	0.742	0	1
Tlk1	0.066092192	0.006859006	0.742	0	1
Wdr60	0.066092192	0.27002561	0.742	0	1
Tbc1d30	0.066092192	0.250985503	0.742	0	1
Neurl4	0.066092192	0.005964526	0.742	0	1
Cdh8	0.066092192	0.00636875	0.742	0	1
Cyp51	0.066184158	-1.144488601	0.935	0.8	1
AABR07004269.3	0.067911928	-0.615806393	0.306	0.2	1
Alg8	0.067911928	-0.907261887	0.306	0.2	1
Dgkh	0.067911928	-0.832493218	0.306	0.2	1
Mia	0.067926867	0.055048552	0.581	0	1
Gap43	0.067966863	-0.554374357	0.984	1	1
Sectm1b	0.069018977	0.076349847	0.468	0	1
Hnrnpa2b1	0.069783257	-0.929790363	0.839	0.8	1
Pou4f3	0.071588394	-0.44953602	0.306	0.2	1
Cx3cl1	0.072164904	0.035091355	0.629	0	1
AABR07017159.1	0.074423885	0.000538759	0.677	0	1
Fsip1	0.075321436	0.00169327	0.726	0	1
Fabp3	0.075426375	1.503281164	0.742	0	1
Sh3gl3	0.075426375	-1.856076914	0.919	0.2	1
Rgs9	0.078630107	0.051238483	0.581	0	1
Cdc20	0.078630107	7.74E-05	0.581	0	1
Matn2	0.078630107	0.106897821	0.581	0	1
Smagp	0.078630107	0.025695356	0.581	0	1
Gjc1	0.079653814	0.001398134	0.419	0	1
Cited1	0.081662753	-0.00442289	0.613	0	1
LOC102555217	0.081662753	9.96E-05	0.613	0	1
Osbpl1a	0.083606151	-0.532902311	0.323	0.2	1
Pemt	0.083606151	-1.148931154	0.323	0.2	1
Serpinb6a	0.083667841	-0.735628029	0.935	0.8	1
ENSRNOG00000047321	0.085712678	0.064715647	0.726	0	1
Gpihbp1	0.085712678	0.066808798	0.726	0	1
Gbp2	0.085712678	0.298357859	0.258	0	1
Crh	0.085712678	-0.000817174	0.258	0	1
Isg15	0.085712678	0.132081417	0.726	0	1
Ifitm3	0.085712678	0.555205587	0.258	0	1
Ifit3	0.085712678	0.001771943	0.726	0	1
Oasl	0.085712678	0.101043308	0.726	0	1
Ttyh1	0.085712678	0.36364331	0.258	0	1
S1pr3	0.085712678	0.051049444	0.726	0	1
LOC100912489	0.085712678	0.720363202	0.258	0	1
Hpca	0.085712678	0.454141516	0.258	0	1
Mbp	0.085712678	0.480169418	0.258	0	1
Sp110	0.085712678	0.29102699	0.258	0	1
RT1-A1	0.085712678	0.454165417	0.726	0	1
Ccdc22	0.085712678	-8.37E-06	0.258	0	1
Krt7	0.085712678	0.03831288	0.726	0	1
Ptpn2	0.085712678	0.18516282	0.258	0	1
Nktr	0.085712678	0.126156537	0.258	0	1
ENSRNOG00000055947	0.085712678	0.031620843	0.258	0	1
Ndn	0.085712678	1.55760252	0.726	0	1
Asphd1	0.085712678	0.17568099	0.258	0	1
Tst	0.085712678	0.143642263	0.726	0	1
Esco2	0.085712678	0.015189647	0.258	0	1
Kif11	0.085712678	0.000455995	0.726	0	1
Sncaip	0.085712678	0.004519562	0.726	0	1
Itpkc	0.085712678	0.015336641	0.258	0	1
Pcdh19	0.085712678	0.002097251	0.726	0	1
Anks1a	0.085712678	0.004544167	0.726	0	1
AABR07073134.1	0.085712678	0.092225952	0.258	0	1
Myo1b	0.085712678	0.052181315	0.258	0	1
Fmo2	0.085712678	0.002854978	0.726	0	1
Abi3bp	0.085712678	0.196420197	0.726	0	1
Frmd6	0.085712678	0.049066837	0.726	0	1
Mpp2	0.085712678	0.08370669	0.258	0	1
Eif2ak2	0.085712678	0.423523787	0.258	0	1
Srgap2	0.085712678	0.028918577	0.726	0	1
Atp11b	0.085712678	0.092264072	0.726	0	1
Mxd4	0.085712678	0.526765751	0.258	0	1
Efemp1	0.085712678	0.010501488	0.258	0	1
Ppp1r14c	0.085712678	0.058025754	0.258	0	1
Ercc6	0.085712678	0.005022194	0.726	0	1
S1pr1	0.085712678	0.003912539	0.726	0	1
Smtn	0.085712678	0.164253571	0.258	0	1
Pi16	0.086304864	0.000402185	0.548	0	1
Klf4	0.087957615	-0.638750333	0.903	0.2	1
Mgll	0.087957615	-0.475216553	0.323	0.2	1
Atp1b1	0.088021	-0.633956557	0.984	1	1
Gbp7	0.092489911	-0.656797588	0.903	0.2	1
Ndrg4	0.092489911	1.008594875	0.871	0.2	1
Apoc1	0.092489911	-0.809149298	0.903	0.2	1
AC124205.1	0.092489911	-0.821430002	0.903	0.2	1
Gpr37l1	0.092489911	-0.886342299	0.903	0.2	1
Ube2d1	0.092541973	-0.939990934	0.645	0.6	1
Rxfp1	0.096874005	0.002537846	0.694	0	1
Cyr61	0.097087686	0.008546844	0.258	0	1
Tubb5	0.099702193	-0.640174739	0.984	0.8	1
Rgs16	0.101722621	0.117512271	0.565	0	1
Kit	0.101722621	0.054223048	0.565	0	1
Tmem229a	0.102116292	-0.679136903	0.339	0.2	1
Cpe	0.102171043	-1.191209603	0.613	0.6	1
Fth1	0.10218473	0.400690438	1	1	1
Cox6b2	0.103613817	0.062212084	0.581	0	1
RF00001	0.103613817	-0.009132037	0.581	0	1
Gnas	0.104709234	-1.09697834	0.935	0.8	1
LOC108351137	0.104709234	-0.80127608	0.984	0.8	1
Scgn	0.105187648	0.000159671	0.597	0	1
Lime1	0.105914943	0.00010538	0.403	0	1
Nrn1	0.107219968	0.569776544	0.871	0.2	1
Acot7	0.107290069	-0.755564656	0.823	0.8	1
AC128848.1	0.10979331	0.970020728	0.71	0	1
Apod	0.10979331	0.225323006	0.71	0	1
Sat1	0.10979331	0.919416357	0.274	0	1
RT1-Db1	0.10979331	0.024209547	0.274	0	1
Fabp7	0.10979331	0.334292357	0.274	0	1
Flt1	0.10979331	0.000580689	0.71	0	1
Map3k8	0.10979331	-0.003241118	0.71	0	1
Gpx2	0.10979331	0.47537559	0.274	0	1
Plcd4	0.10979331	0.022895919	0.274	0	1
Serpine2	0.10979331	0.252589408	0.274	0	1
AABR07054716.1	0.10979331	0.209414933	0.71	0	1
Slc4a4	0.10979331	0.363765628	0.274	0	1
Taf1c	0.10979331	0.039929795	0.274	0	1
Lonrf2	0.10979331	0.281011981	0.71	0	1
Creld2	0.10979331	0.168863998	0.274	0	1
Ptchd1	0.10979331	0.003985314	0.71	0	1
Lrrn4cl	0.10979331	0.003670364	0.71	0	1
Ebi3	0.10979331	0.002564295	0.71	0	1
Lrrk1	0.10979331	-0.00054609	0.274	0	1
Smim18	0.10979331	0.390393778	0.274	0	1
AC131360.1	0.10979331	0.001821139	0.71	0	1
AABR07068127.1	0.10979331	0.141714157	0.274	0	1
Sema7a	0.10979331	-8.30E-05	0.274	0	1
Tomm40l	0.10979331	0.009269129	0.274	0	1
Lpar1	0.10979331	0.241263777	0.274	0	1
Ppfibp2	0.10979331	0.156266488	0.274	0	1
Arhgap24	0.10979331	0.023399059	0.71	0	1
Agl	0.10979331	0.173073943	0.71	0	1
Litaf	0.10979331	0.134564695	0.71	0	1
Gng7	0.10979331	0.11739272	0.71	0	1
Dclre1a	0.10979331	0.053556863	0.274	0	1
Hmgcs2	0.10979331	0.096007223	0.274	0	1
Ccdc28b	0.10979331	0.011738189	0.274	0	1
Exd2	0.10979331	0.024917995	0.71	0	1
Stmn4	0.112523641	-1.323129001	0.887	0.2	1
Cav2	0.112523641	-0.863189509	0.887	0.2	1
Plcb1	0.11258104	-1.322748989	0.661	0.6	1
Cyb5r1	0.11259539	-0.505767412	0.952	1	1
Tppp3	0.118105387	-0.868268787	0.984	0.8	1
Apbb1ip	0.11937277	0.000608437	0.355	0	1
AABR07001910.1	0.119536064	-0.003526891	0.597	0	1
Rsph9	0.119536064	-0.017050487	0.597	0	1
Aif1l	0.119548791	0.000648867	0.435	0	1
RGD1312005	0.120901503	-0.817014816	0.452	0.4	1
Arid3a	0.123374681	0.003032775	0.677	0	1
Dyrk1b	0.123614734	0.08263316	0.694	0	1
Rasal2	0.123749721	-0.652266081	0.355	0.2	1
Ubc	0.123749721	1.83293496	0.71	0	1
Nrsn1	0.123749721	-0.334782731	0.355	0.2	1
Slc39a8	0.124455949	0.000387699	0.516	0	1
Ppp3ca	0.126760496	-1.310419358	0.806	0.8	1
Csrp1	0.129681349	-0.363733196	0.355	0.2	1
Fxyd7	0.129757906	-0.279239175	1	1	1
Mmrn2	0.12991736	-0.00145741	0.548	0	1
Trim7	0.12991736	0.039690317	0.548	0	1
Tgif1	0.12991736	0.128881533	0.548	0	1
Myoc	0.131430787	9.65E-05	0.339	0	1
Zfp28	0.133796661	0.005445402	0.581	0	1
St5	0.133796661	-0.000192854	0.581	0	1
Pygl	0.135772808	-0.709513881	0.355	0.2	1
Rasl11a	0.135831393	-1.355276702	0.871	0.2	1
Gng2	0.135831393	-0.446650154	0.871	0.2	1
Mitd1	0.135831393	-1.158498379	0.871	0.2	1
Ywhah	0.135909496	-0.535979764	1	0.8	1
Rft1	0.137939607	-0.000841784	0.645	0	1
Cryab	0.138930549	0.720310113	0.29	0	1
Cxcl1	0.138930549	0.106084485	0.29	0	1
S100a9	0.138930549	-0.000711809	0.29	0	1
Lcn2	0.138930549	-0.023469173	0.29	0	1
Ramp1	0.138930549	0.000967623	0.694	0	1
Rgs2	0.138930549	0.302332346	0.29	0	1
Cnmd	0.138930549	0.218946912	0.29	0	1
Calb2	0.138930549	0.000755063	0.694	0	1
Cby3	0.138930549	0.018929766	0.694	0	1
Gem	0.138930549	-0.000548182	0.694	0	1
Stk35	0.138930549	3.43E-06	0.694	0	1
Ccdc172	0.138930549	0.021950419	0.29	0	1
Serping1	0.138930549	0.077155664	0.29	0	1
Ezh2	0.138930549	0.340747195	0.694	0	1
Tom1l1	0.138930549	0.335397437	0.694	0	1
Arhgap36	0.138930549	0.002899015	0.29	0	1
Pxdc1	0.138930549	0.043708386	0.29	0	1
Mns1	0.138930549	0.066058429	0.29	0	1
Glul	0.138930549	0.401461559	0.29	0	1
AABR07019088.1	0.138930549	0.005661442	0.29	0	1
Cep85l	0.138930549	0.079485386	0.29	0	1
AABR07054361.1	0.138930549	0.013344277	0.694	0	1
Galnt3	0.138930549	0.057948964	0.29	0	1
Coq10b	0.138930549	0.02700605	0.29	0	1
Maip1	0.138930549	0.216976223	0.694	0	1
Rnf125	0.138930549	0.282983737	0.694	0	1
Ano3	0.138930549	0.405704414	0.29	0	1
Fbln5	0.138930549	0.507557328	0.694	0	1
Cecr2	0.138930549	0.001728339	0.694	0	1
Hoxb7	0.138930549	0.09572896	0.29	0	1
Alox5ap	0.138930549	0.116728488	0.694	0	1
Ank3	0.138930549	0.32074973	0.29	0	1
Vps25	0.138930549	0.002306248	0.694	0	1
Rbks	0.138930549	0.378627633	0.29	0	1
Whrn	0.138930549	0.619015671	0.29	0	1
Scg2	0.142283883	-0.605366749	0.952	1	1
Map7d2	0.142283883	-0.785943029	0.952	1	1
Mfge8	0.148804286	-0.396523949	0.371	0.2	1
Map1b	0.148885374	-0.545328057	1	1	1
Nkain4	0.150988803	0.251104739	0.581	0	1
Ackr3	0.153909439	0.056570446	0.419	0	1
Fcgbp	0.154213782	0.001430255	0.629	0	1
Zfp691	0.154213782	-0.002529176	0.629	0	1
Jag1	0.155222811	0.064380498	0.661	0	1
Plekha8	0.155222811	-0.022527781	0.274	0	1
Pttg1	0.155487076	0.031714813	0.29	0	1
Fosl1	0.155487076	0.047048162	0.677	0	1
Cul9	0.155487076	0.024829288	0.29	0	1
RGD1311251	0.155487076	0.002080948	0.29	0	1
Fbxo2	0.155635652	1.825984223	0.694	0	1
Filip1l	0.163832609	0.000423894	0.532	0	1
Pou3f2	0.163832609	-0.000639999	0.532	0	1
Ugt8	0.163832609	0.038862938	0.532	0	1
Tmod2	0.16636767	-1.017627831	0.5	0.4	1
Rit2	0.16636767	-1.452615521	0.5	0.4	1
Prx	0.172744779	0.00034336	0.323	0	1
Cartpt	0.173688264	0.104538452	0.306	0	1
Ccl3	0.173688264	0.000443217	0.677	0	1
Timp1	0.173688264	0.561662899	0.306	0	1
Bcr	0.173688264	0.36638889	0.306	0	1
Il33	0.173688264	0.046477485	0.306	0	1
Ckap2	0.173688264	-0.001425752	0.306	0	1
Fbn1	0.173688264	-0.016576645	0.306	0	1
Nrp1	0.173688264	0.502946358	0.306	0	1
Htra1	0.173688264	0.86429177	0.306	0	1
Anxa1	0.173688264	0.457070979	0.306	0	1
Eif4ebp1	0.173688264	0.029993005	0.306	0	1
Rel	0.173688264	0.135486736	0.677	0	1
Plxna2	0.173688264	0.172410665	0.677	0	1
AABR07050283.2	0.173688264	-1.84E-05	0.306	0	1
Hspb3	0.173688264	-0.000487106	0.677	0	1
Elmsan1	0.173688264	0.01833705	0.677	0	1
Amigo2	0.173688264	-0.007163911	0.306	0	1
Man2a1	0.173688264	0.043644239	0.306	0	1
Paox	0.173688264	0.365576818	0.306	0	1
Rps6kc1	0.173688264	0.09464203	0.306	0	1
Cbln2	0.173688264	0.010147521	0.677	0	1
Filip1	0.173688264	0.7495604	0.306	0	1
Mdm2	0.173688264	0.119978469	0.306	0	1
Blm	0.173688264	0.101677068	0.677	0	1
Spats2l	0.173688264	0.514870415	0.306	0	1
Slc7a6os	0.173688264	0.560100346	0.306	0	1
AABR07030521.1	0.173688264	0.000495799	0.677	0	1
Ctxn3	0.173688264	0.100226897	0.677	0	1
Nudt15	0.173688264	0.021285987	0.677	0	1
Btd	0.173688264	0.114184347	0.306	0	1
Mturn	0.173688264	0.520797377	0.306	0	1
Unc5b	0.173688264	-0.004769342	0.306	0	1
Arntl	0.173688264	0.001653619	0.677	0	1
Fstl3	0.173688264	0.061973145	0.677	0	1
Col14a1	0.173688264	0.113402726	0.677	0	1
Gramd1b	0.173688264	0.078592144	0.677	0	1
Abca8	0.173688264	-0.000810802	0.677	0	1
Fam188a	0.177627229	-1.026351913	0.758	0.6	1
Ncoa7	0.181507827	-1.203213952	0.903	0.8	1
Tnfrsf1b	0.1817367	-0.003003309	0.516	0	1
Slfn5	0.184374591	0.092544378	0.532	0	1
Spock2	0.185354235	-0.511684334	0.387	0.2	1
S100b	0.18542443	0.620313346	0.984	0.6	1
Knstrn	0.186576086	0.091305016	0.548	0	1
Susd6	0.189390179	-0.635662694	0.516	0.4	1
Cox4i2	0.191868047	-0.004051083	0.258	0	1
Plpp3	0.192955937	0.336432999	0.29	0	1
Hoxc8	0.192955937	0.009706863	0.645	0	1
Pdzrn3	0.192955937	0.010202044	0.645	0	1
AABR07031734.5	0.193240713	0.053244799	0.306	0	1
Nab2	0.193240713	0.031923508	0.306	0	1
Hbb	0.193400794	-1.091151789	0.839	0.2	1
Gria4	0.193400794	-0.822432021	0.839	0.2	1
Pkib	0.193400794	0.12978517	0.823	0.2	1
Lmna	0.193400794	-0.463357251	0.387	0.2	1
Grik5	0.193400794	-0.871404824	0.839	0.2	1
Perp	0.193400794	-0.754404308	0.839	0.2	1
Mt2A	0.201700998	-0.392363761	0.823	0.2	1
ENSRNOG00000025889	0.201700998	-0.067597193	0.823	0.2	1
Ptprc	0.203498184	6.71E-05	0.323	0	1
Rasgrp3	0.203498184	0.056528515	0.323	0	1
Map3k10	0.206518395	0.19439328	0.532	0	1
C1qa	0.207494592	1.79E-06	0.258	0	1
RGD1310587	0.207619711	0.003331545	0.29	0	1
Nrgn	0.208581793	0.000226871	0.548	0	1
RF00289	0.208581793	-0.002224838	0.548	0	1
Polk	0.209966534	-0.958651211	0.806	0.2	1
Ifitm1	0.210257969	-1.379810619	0.403	0.2	1
Hdac1	0.210257969	-0.715681865	0.403	0.2	1
Cst3	0.210348988	-0.39955356	0.952	1	1
Rdh10	0.213969468	0.016334271	0.629	0	1
Mafk	0.213969468	0.001034084	0.29	0	1
Sst	0.214565018	1.363488029	0.661	0	1
Tfpi2	0.214565018	-0.000993048	0.661	0	1
Il6	0.214565018	-0.022114885	0.323	0	1
Sdc4	0.214565018	0.56857537	0.323	0	1
Ctgf	0.214565018	-0.003346287	0.661	0	1
Gsta1	0.214565018	0.199595548	0.323	0	1
Emp1	0.214565018	0.342946704	0.323	0	1
Rnd1	0.214565018	0.247470979	0.661	0	1
Fbln2	0.214565018	0.35092024	0.323	0	1
LOC100910200	0.214565018	1.517621506	0.661	0	1
Crtac1	0.214565018	0.776810768	0.661	0	1
B3gat2	0.214565018	0.382280059	0.323	0	1
Fli1	0.214565018	0.128994754	0.661	0	1
Med12l	0.214565018	0.016727617	0.323	0	1
Itm2a	0.214565018	0.676708633	0.661	0	1
Fxyd2	0.214565018	1.699635561	0.661	0	1
Bhlhe40	0.214565018	0.190107269	0.661	0	1
Foxs1	0.214565018	0.001796766	0.661	0	1
Otc	0.214565018	0.001754983	0.661	0	1
Fam92b	0.214565018	0.028130624	0.661	0	1
Dmd	0.214565018	0.35889551	0.323	0	1
Zrsr1	0.214565018	0.443151643	0.323	0	1
Plppr4	0.214565018	0.029195947	0.323	0	1
AABR07036336.1	0.214565018	0.001598437	0.661	0	1
Mgst2	0.214565018	0.023632196	0.661	0	1
Atf4	0.214565018	0.95102307	0.661	0	1
Col28a1	0.214565018	-0.01092092	0.661	0	1
Gria2	0.214565018	0.416579055	0.323	0	1
Fam221a	0.214565018	0.030828676	0.323	0	1
Layn	0.214565018	0.000290571	0.661	0	1
Tmem54	0.214565018	0.092770166	0.323	0	1
Pou4f2	0.214565018	0.07085373	0.661	0	1
Egfl7	0.214565018	0.085500636	0.661	0	1
Myo3a	0.214565018	0.001622176	0.661	0	1
Zfp128	0.214565018	0.06534939	0.323	0	1
Eif4ebp3	0.214565018	0.135915262	0.661	0	1
Ctxn2	0.214565018	0.294539353	0.323	0	1
Fbxo30	0.214565018	0.061270048	0.661	0	1
Epb41l2	0.214565018	0.083494379	0.323	0	1
Tmem229b	0.214565018	0.994207559	0.661	0	1
AABR07060862.1	0.214565018	0.000314492	0.661	0	1
Dot1l	0.214565018	-0.000341544	0.661	0	1
Dusp18	0.214565018	0.014605119	0.323	0	1
Lsp1	0.214565018	0.081461001	0.323	0	1
Abraxas1	0.214565018	-0.002014028	0.323	0	1
Gamt	0.214565018	0.709366809	0.661	0	1
Etv4	0.214565018	-0.001252032	0.661	0	1
Slc51a	0.214565018	0.029879496	0.661	0	1
Ado	0.214565018	0.00330222	0.323	0	1
Dusp2	0.214565018	0.000925251	0.661	0	1
Arhgef18	0.214565018	0.041320247	0.661	0	1
RGD1560028	0.214565018	0.114041684	0.323	0	1
Xrn2	0.214565018	0.301715487	0.323	0	1
Serpina11	0.219120615	0.250639659	0.823	0.2	1
Pcdhga5	0.223075558	9.61E-05	0.306	0	1
Chgb	0.223627405	-1.211178217	0.548	0.4	1
Pmp22	0.223668988	-0.6082986	0.952	0.8	1
Igfbp5	0.228153682	-1.215100996	0.823	0.2	1
Wdr20	0.228153682	-1.52473617	0.823	0.2	1
Tuba4a	0.228227956	-0.881356231	0.694	0.6	1
Rbfox1	0.228227956	-0.517079781	0.548	0.4	1
Scg5	0.22824188	-1.476576464	0.823	0.6	1
Pnma8a	0.235882497	-0.005301858	0.274	0	1
Apold1	0.237029025	0.001070855	0.629	0	1
Prmt9	0.237029025	0.123047046	0.629	0	1
Lyz2	0.237329013	0.018118913	0.323	0	1
Ptprn	0.237497621	-0.037028366	0.403	0.2	1
Tbc1d10a	0.244163957	0.06349741	0.468	0	1
Cpne9	0.247108696	-1.579336554	0.419	0.2	1
Slc7a14	0.247108696	-0.617927764	0.419	0.2	1
Chd1	0.247108696	-0.919155587	0.419	0.2	1
Ap1s2	0.247203029	-0.718541277	0.968	0.8	1
Osgin1	0.250954521	0.131561237	0.5	0	1
Nr1d1	0.256988918	-0.6661763	0.806	0.2	1
Sacs	0.256988918	-0.93455785	0.419	0.2	1
Haus8	0.256988918	-0.938348837	0.419	0.2	1
Prickle3	0.258996442	-0.000191309	0.306	0	1
Ch25h	0.26195908	0.04386287	0.339	0	1
Lpar6	0.26195908	0.465609658	0.645	0	1
Cd74	0.26195908	0.000221415	0.645	0	1
Spidr	0.26195908	0.00158178	0.645	0	1
Mt1	0.26195908	0.622453609	0.339	0	1
Myh11	0.26195908	-0.004600732	0.339	0	1
Arid5b	0.26195908	0.831381047	0.645	0	1
Gstm1	0.26195908	0.854762159	0.339	0	1
Rgs4	0.26195908	1.658288667	0.645	0	1
Ctsk	0.26195908	0.000558822	0.645	0	1
Pcdh9	0.26195908	0.275311041	0.645	0	1
Txnrd1	0.26195908	0.395983696	0.339	0	1
Nexn	0.26195908	0.00156529	0.339	0	1
Slc1a1	0.26195908	0.091362291	0.339	0	1
Mdk	0.26195908	-0.02420676	0.339	0	1
Erbin	0.26195908	0.040188672	0.339	0	1
Tubb6	0.26195908	0.247834997	0.339	0	1
Cd320	0.26195908	0.062007247	0.339	0	1
Cep126	0.26195908	0.261115899	0.645	0	1
Scn1a	0.26195908	0.275566737	0.645	0	1
Pcnx2	0.26195908	0.064174331	0.645	0	1
Il17rb	0.26195908	0.000398075	0.645	0	1
Mmp14	0.26195908	0.074780414	0.645	0	1
Oas1b	0.26195908	0.050113959	0.339	0	1
Lsr	0.26195908	-0.004672841	0.645	0	1
Srrm4	0.26195908	0.090954342	0.339	0	1
Unc13b	0.26195908	0.000215632	0.645	0	1
Cd7	0.26195908	0.003470221	0.645	0	1
Dgkz	0.26195908	0.453876795	0.339	0	1
Bud13	0.26195908	-0.002496822	0.645	0	1
Dek	0.26195908	0.320399891	0.645	0	1
Edc4	0.26195908	0.359481511	0.339	0	1
Gmfg	0.26195908	0.070524172	0.645	0	1
Adgrg6	0.26195908	0.126597242	0.339	0	1
Irgm	0.26195908	0.160492685	0.645	0	1
Tdh	0.26195908	0.035326769	0.339	0	1
Cdo1	0.26195908	0.301366391	0.339	0	1
Daglb	0.26195908	0.019391411	0.645	0	1
Nuak1	0.26195908	0.11762636	0.339	0	1
Afg3l1	0.26195908	0.048629195	0.645	0	1
Chd7	0.26195908	0.073162849	0.339	0	1
Mrps6	0.26195908	0.343518345	0.339	0	1
Cldn16	0.26195908	-0.000982736	0.645	0	1
Panx3	0.26195908	0.001027426	0.645	0	1
AABR07006860.1	0.26195908	0.040436494	0.645	0	1
Cnn3	0.26714004	-0.591892643	0.806	0.2	1
Ivns1abp	0.26714004	-0.189457614	0.419	0.2	1
LOC102556347	0.26714004	-1.393021686	0.806	0.2	1
Snx18	0.26714004	-0.600572507	0.806	0.2	1
Snap25	0.26723551	-0.611255425	0.984	1	1
Ccdc136	0.272365518	-0.712795205	0.565	0.4	1
Rbfox3	0.277611506	-0.479672742	0.435	0.2	1
Resp18	0.27765945	-0.215133759	0.968	1	1
Nos3	0.282814265	0.020596311	0.532	0	1
Syt2	0.282925889	-1.085104371	0.581	0.4	1
Ap1g2	0.284401628	0.000294021	0.548	0	1
Csf1r	0.284401628	-0.000134771	0.258	0	1
Ccdc146	0.288087385	0.039627806	0.339	0	1
Cd63	0.288260675	0.942357709	0.645	0	1
Syt1	0.288337656	-0.625340894	0.742	0.6	1
Tmsb10	0.288356897	0.297584895	1	1	1
Lgals1	0.293760319	0.483705135	0.968	0.4	1
Zcchc11	0.299232336	-0.896375129	0.435	0.2	1
Idh2	0.299232336	-0.699561585	0.79	0.2	1
Avil	0.299232336	-0.421106168	0.435	0.2	1
Eng	0.303027429	-0.966242067	0.661	0.2	1
Ftl1	0.304869594	-0.643012924	0.548	0.4	1
Lrg1	0.304937432	0.084551482	0.484	0	1
Ska1	0.304937432	9.92E-05	0.484	0	1
Dner	0.310479175	0.079934694	0.435	0.2	1
Ifi27l2b	0.310575739	0.70114612	0.984	0.8	1
Rnf38	0.312996938	0.02714419	0.548	0	1
Gadd45b	0.316133442	0.564959578	0.355	0	1
Pnoc	0.316133442	0.000599741	0.629	0	1
Nmu	0.316133442	0.001492146	0.629	0	1
Nppa	0.316133442	1.12490929	0.629	0	1
Crabp1	0.316133442	0.203047874	0.629	0	1
Ube2c	0.316133442	-0.00117006	0.629	0	1
Tesc	0.316133442	0.78722554	0.355	0	1
Ccnd1	0.316133442	0.16716868	0.355	0	1
Sod3	0.316133442	0.202569253	0.355	0	1
Prlr	0.316133442	0.002055794	0.629	0	1
Plcd3	0.316133442	3.59E-05	0.629	0	1
Col6a5	0.316133442	-0.008560453	0.355	0	1
Igtp	0.316133442	0.150857377	0.629	0	1
Gsta4	0.316133442	0.13485642	0.355	0	1
Luzp1	0.316133442	0.43304945	0.355	0	1
Scn7a	0.316133442	0.655562732	0.355	0	1
Oplah	0.316133442	0.088817765	0.629	0	1
Ppp1r1a	0.316133442	0.325513534	0.629	0	1
Csrnp1	0.316133442	0.121045224	0.629	0	1
Scn1b	0.316133442	1.303068519	0.629	0	1
Atp13a4	0.316133442	0.001445725	0.629	0	1
Lyve1	0.316133442	0.000729102	0.629	0	1
Meis1	0.316133442	0.000554358	0.629	0	1
Plxnc1	0.316133442	0.066679806	0.355	0	1
Tmie	0.316133442	0.322283355	0.355	0	1
Nsg1	0.316133442	0.046012986	0.355	0	1
Vti1a	0.316133442	-0.015634325	0.355	0	1
Ccdc18	0.316133442	0.166910519	0.629	0	1
Ctnnal1	0.316133442	0.100008659	0.629	0	1
Fam107a	0.316133442	-0.010928723	0.355	0	1
Dtwd1	0.316133442	0.026738224	0.629	0	1
S100a16	0.316133442	0.714644427	0.355	0	1
Nes	0.316133442	-0.021284196	0.355	0	1
Epc1	0.316133442	0.009394467	0.629	0	1
AABR07034362.2	0.316133442	0.14947876	0.629	0	1
Cdh9	0.316133442	0.005237969	0.629	0	1
B3gnt2	0.316133442	0.313664379	0.355	0	1
Dbndd2	0.316254201	-0.413095844	0.565	0.4	1
S100a6	0.322098106	-0.48794884	0.935	0.8	1
Npy5r	0.325196099	-0.933757154	0.645	0.2	1
Tyrp1	0.333799434	0.07714968	0.758	0.2	1
Abca8a	0.333799434	-0.63959993	0.452	0.2	1
AY172581.2	0.333799434	-0.743855978	0.452	0.2	1
Ifitm2	0.333876616	-0.076379694	0.968	0.4	1
Serpinb6b	0.337229838	-0.00031609	0.306	0	1
Lxn	0.339849834	0.079430898	0.968	0.4	1
Sox17	0.340416559	0.245233924	0.258	0	1
Tox3	0.345390693	0.006665399	0.597	0	1
Vopp1	0.345872596	-0.704244853	0.452	0.2	1
Ddit3	0.345872596	1.260617228	0.629	0	1
Prph	0.345968855	0.223045617	1	0.8	1
Cib2	0.35206028	-1.349903088	0.613	0.4	1
Stat3	0.358220405	0.123195473	0.452	0.2	1
Mbd4	0.358220405	-0.929117301	0.774	0.2	1
Itm2b	0.358297151	-0.538053162	0.839	0.6	1
Calca	0.358316333	0.432975492	1	1	1
Fstl1	0.358316333	-0.48292652	1	0.8	1
Ccl5	0.359223456	0.017810587	0.435	0	1
Samsn1	0.366116598	0.063209283	0.468	0	1
Steap3	0.370841919	-0.254020005	0.758	0.2	1
Epb41l3	0.370918306	0.159456804	0.935	0.4	1
Mrc1	0.370925226	-0.000317792	0.258	0	1
Akap12	0.370937399	0.675393433	0.984	0.8	1
Tbc1d20	0.37656338	-0.008561072	0.581	0	1
Ccl7	0.377183493	0.091915591	0.371	0	1
Igfbp7	0.377183493	0.776156212	0.371	0	1
Tnfaip6	0.377183493	0.169990523	0.613	0	1
Gas7	0.377183493	0.076092189	0.613	0	1
Syt4	0.377183493	1.243974148	0.613	0	1
Gimap9	0.377183493	0.122442	0.613	0	1
Tmem140	0.377183493	0.166906256	0.371	0	1
Arpp21	0.377183493	0.101305007	0.613	0	1
Ifit2	0.377183493	0.101624159	0.371	0	1
Sfrp1	0.377183493	0.649394768	0.371	0	1
Ntrk2	0.377183493	0.374763439	0.371	0	1
Mlf1	0.377183493	0.132173521	0.371	0	1
Tyk2	0.377183493	-0.002638119	0.371	0	1
Mgst3	0.377183493	1.074588394	0.613	0	1
Gyg1	0.377183493	0.719690314	0.371	0	1
Aebp1	0.377183493	0.039070014	0.613	0	1
Tspan12	0.377183493	0.267649915	0.613	0	1
Tek	0.377183493	0.05197289	0.613	0	1
Tmem62	0.377183493	0.164042601	0.371	0	1
Jak1	0.377183493	0.450629823	0.613	0	1
Ngfr	0.377183493	1.004248928	0.613	0	1
Dok5	0.377183493	0.155291705	0.371	0	1
Zfp608	0.377183493	0.008682607	0.613	0	1
Plcxd3	0.377183493	0.608689974	0.371	0	1
Ccdc141	0.377183493	0.147912945	0.371	0	1
LOC100360316	0.377183493	0.323513894	0.371	0	1
Irf7	0.377183493	0.076112272	0.613	0	1
Erf	0.377183493	0.037242442	0.613	0	1
Nomo1	0.377183493	0.036879818	0.371	0	1
Mxi1	0.377183493	-0.001351487	0.613	0	1
Xaf1	0.377183493	0.168323031	0.371	0	1
Scarb1	0.377183493	0.035367011	0.613	0	1
Traf2	0.377183493	-0.000362614	0.613	0	1
Crlf1	0.377183493	0.072470942	0.371	0	1
Ppfibp1	0.377183493	0.213343483	0.613	0	1
Slit3	0.377183493	0.063706222	0.371	0	1
Syt3	0.377183493	0.110701157	0.371	0	1
Sct	0.377183493	0.05699403	0.613	0	1
Nek8	0.377183493	0.063767361	0.613	0	1
Zwint	0.377302541	-0.192428069	0.919	0.4	1
Eef1a2	0.377302541	-0.578822954	0.613	0.4	1
Vat1l	0.383735861	-0.454013673	0.468	0.2	1
Ifi27	0.383830774	0.404719882	1	1	1
Reep1	0.390331797	-0.400044583	0.984	0.4	1
Bend6	0.390331797	-0.565144041	0.597	0.4	1
Clec14a	0.397908802	-0.00228597	0.452	0	1
Bcas1	0.40310567	0.073517482	0.258	0	1
Pde1a	0.408720695	0.130506682	0.323	0	1
Fbxo42	0.408720695	0.128463965	0.323	0	1
Mmd2	0.410334208	-0.784005554	0.758	0.2	1
Ppp1r14a	0.410334208	0.872594791	0.387	0	1
Insig1	0.410334208	-1.32341829	0.758	0.2	1
4-Sep	0.410334208	-0.384947986	0.468	0.2	1
Clic3	0.410334208	0.825412975	0.613	0	1
Stmn1	0.410408942	-0.896113161	0.871	0.6	1
Nap1l5	0.410408942	-0.563261342	0.726	0.6	1
Prpf40b	0.410408942	-0.701540152	0.984	0.4	1
Pdk4	0.411889569	0.000945585	0.29	0	1
Dbi	0.417197599	-0.320309276	0.581	0.4	1
Calml4	0.417197599	-0.27174705	0.952	0.4	1
Ttc9b	0.417197599	-0.095602715	0.548	0.4	1
Nfkbia	0.424034335	-0.269966357	0.742	0.2	1
Fkbp1b	0.424126813	-0.304376973	0.968	0.8	1
Kank1	0.433479656	-0.006745282	0.258	0	1
Cdc42ep5	0.436951128	0.002221956	0.468	0	1
Dgkb	0.437998327	-1.437091921	0.484	0.2	1
Tmem130	0.438071466	-1.218075392	0.903	0.6	1
Reep5	0.438071466	-0.563220045	0.968	0.6	1
Ank2	0.438071466	-0.508860356	0.79	0.6	1
Ptpn13	0.440716808	0.063897262	0.29	0	1
Col12a1	0.440716808	0.028503219	0.29	0	1
Crlf3	0.444418414	0.11683719	0.355	0	1
Ctsh	0.444787348	0.23199443	0.581	0	1
Enc1	0.444787348	-0.002414063	0.581	0	1
Prc1	0.445010181	0.023011385	0.597	0	1
Vim	0.445010181	1.151194789	0.387	0	1
Stc1	0.445010181	0.158286938	0.597	0	1
Rhoj	0.445010181	0.223286444	0.387	0	1
Icam2	0.445010181	0.102784845	0.597	0	1
Cdh13	0.445010181	0.202259992	0.387	0	1
Arhgap29	0.445010181	0.209023324	0.387	0	1
Ppp1r15a	0.445010181	0.368750847	0.387	0	1
Smc2	0.445010181	0.219393123	0.387	0	1
Adgrg2	0.445010181	0.195487259	0.387	0	1
Tp53inp1	0.445010181	0.001166823	0.387	0	1
Samd9	0.445010181	0.737491396	0.387	0	1
Ndrg1	0.445010181	0.134493336	0.597	0	1
Scn11a	0.445010181	0.698008003	0.597	0	1
Baz1a	0.445010181	0.08821195	0.597	0	1
Rasd1	0.445010181	-0.001285812	0.597	0	1
AABR07026112.1	0.445010181	-0.000868514	0.597	0	1
Fgf7	0.445010181	0.000529539	0.597	0	1
Oaf	0.445010181	0.075628991	0.597	0	1
Cep57l1	0.445010181	0.179990572	0.597	0	1
Chrm2	0.445010181	0.11420432	0.597	0	1
Pak3	0.445010181	0.645735484	0.387	0	1
Oasl2	0.445010181	0.234962858	0.597	0	1
Ankrd13d	0.445010181	0.271480491	0.597	0	1
RF00030	0.445010181	0.085785645	0.597	0	1
Syt6	0.445010181	0.274319019	0.387	0	1
LOC100912373	0.445010181	0.005903867	0.597	0	1
Abca1	0.445010181	0.10319545	0.597	0	1
Pdzd2	0.445010181	-0.018396357	0.597	0	1
Sphk1	0.445010181	0.131555258	0.597	0	1
Ccl27	0.445010181	0.82756131	0.387	0	1
Runx1	0.445010181	0.034874408	0.597	0	1
Uevld	0.445010181	0.267072758	0.387	0	1
Gab1	0.445010181	0.089089043	0.387	0	1
AC141169.2	0.445010181	0.068684607	0.597	0	1
Kctd15	0.445010181	0.000265816	0.597	0	1
Fam229a	0.445010181	-0.001941204	0.597	0	1
Rhoc	0.445010181	0.959674461	0.597	0	1
Prdm1	0.445010181	0.102780084	0.597	0	1
Rab37	0.445010181	0.036866476	0.387	0	1
Plcl2	0.445010181	-0.009373731	0.387	0	1
Kif5a	0.445123769	-0.026850871	0.952	0.4	1
Hebp2	0.445123769	-0.301863901	0.597	0.4	1
Atp6v1g2	0.445123769	-1.306397123	0.645	0.4	1
Shprh	0.452223163	-0.878928958	0.742	0.2	1
Fam162a	0.452223163	0.487087603	0.726	0.2	1
Fgf12	0.452268287	0.539063966	0.742	0.2	1
Scg3	0.452295355	0.070837487	0.952	0.4	1
Clu	0.459477161	-0.544590193	0.984	0.4	1
Serpinb1a	0.459477161	-1.063851475	0.968	0.4	1
Elavl4	0.459477161	0.369677331	0.855	0.4	1
Selenom	0.459477161	0.270043344	0.903	0.4	1
Twf1	0.466705467	-1.026392114	0.742	0.2	1
Zeb2	0.466705467	-0.415521351	0.742	0.2	1
Ralgps2	0.466705467	-0.723002339	0.742	0.2	1
Dgke	0.466705467	-1.038226357	0.742	0.2	1
Alpl	0.47992974	0.097514704	0.532	0	1
Zfp136	0.47992974	-0.000397562	0.339	0	1
Yars2	0.480564158	0.064799411	0.548	0	1
Bcl9l	0.481283906	-0.010249487	0.387	0	1
Ntrk1	0.481485256	-0.100692398	0.742	0.2	1
Atp1a1	0.481528997	-0.428228712	0.968	0.8	1
Sertad4	0.496427184	-0.832298718	0.5	0.2	1
Tdo2	0.496427184	-0.280095346	0.726	0.2	1
Rab3a	0.496495935	-0.362655894	0.871	0.6	1
Rtn1	0.496513119	-0.216116254	0.984	1	1
Hpcal1	0.504054824	-0.17005686	0.597	0.4	1
Trpv1	0.51165806	-0.508165391	0.5	0.2	1
Aldoc	0.51165806	-0.131517132	0.726	0.2	1
Npc2	0.51165806	0.501765325	0.71	0.2	1
Cdh2	0.511700192	0.072033462	0.5	0.2	1
Sparcl1	0.519301409	0.3729365	0.403	0	1
Hba-a2	0.519301409	0.326485351	0.403	0	1
Adcyap1	0.519301409	0.315575081	0.403	0	1
Fosb	0.519301409	0.249955873	0.581	0	1
Casr	0.519301409	-0.020533631	0.581	0	1
Cald1	0.519301409	0.501775113	0.581	0	1
Cd24	0.519301409	0.604695063	0.581	0	1
Kif20b	0.519301409	0.064069074	0.581	0	1
Sox2	0.519301409	0.150351935	0.581	0	1
Lamp5	0.519301409	0.085357898	0.581	0	1
Mef2c	0.519301409	0.017065669	0.581	0	1
Hmmr	0.519301409	0.002046898	0.581	0	1
Ghrh	0.519301409	0.000865474	0.403	0	1
Hmgcr	0.519301409	0.293941548	0.581	0	1
Ssc5d	0.519301409	0.028258519	0.403	0	1
Abhd4	0.519301409	0.347823736	0.403	0	1
Tesk2	0.519301409	-0.002504429	0.581	0	1
Dusp6	0.519301409	0.020398632	0.403	0	1
Chic1	0.519301409	0.086789687	0.581	0	1
Tnc	0.519301409	0.007009944	0.403	0	1
Iapp	0.519301409	0.073645893	0.403	0	1
Tmem100	0.519301409	0.122054087	0.403	0	1
Ugdh	0.519301409	0.163089262	0.403	0	1
Larp1	0.519301409	0.218512196	0.581	0	1
Pde12	0.519301409	0.150224485	0.581	0	1
Gabrg1	0.519301409	0.20418538	0.403	0	1
Nfkb1	0.519301409	0.358062983	0.403	0	1
Vamp5	0.519301409	0.037059001	0.403	0	1
Grhpr	0.519301409	0.265064667	0.581	0	1
Pimreg	0.519301409	0.000465055	0.581	0	1
Slc25a12	0.519301409	0.024816352	0.403	0	1
Naa60	0.519301409	-0.003367768	0.581	0	1
Ulk2	0.519301409	0.179410874	0.581	0	1
Lrp12	0.519301409	0.086086031	0.581	0	1
Cacna2d1	0.519405648	-0.795304436	0.629	0.4	1
Kcnmb2	0.519405648	-1.15084813	0.677	0.4	1
Dync1i1	0.519405648	-0.129177786	0.597	0.4	1
Tmem88	0.526980821	-0.887373273	0.71	0.2	1
Slc9a3r2	0.527129332	-0.580374841	0.726	0.2	1
L1cam	0.527129332	-0.436364325	0.5	0.2	1
AABR07060487.1	0.527129332	-1.060085164	0.726	0.2	1
Cfi	0.534994273	-1.28644269	0.968	0.4	1
LOC103689961	0.535030943	-0.289786304	0.919	0.8	1
Trappc3l	0.54287611	0.402262227	0.71	0.2	1
Ckmt1	0.550815373	-0.235452828	0.629	0.4	1
Nppb	0.557415875	-0.028558795	0.355	0	1
Ppp2r2c	0.557415875	0.107517346	0.355	0	1
Tpm2	0.557724482	-0.959662007	0.661	0.2	1
Atf3	0.558772102	-0.243640912	0.71	0.2	1
Cplx2	0.558772102	-0.246063469	0.516	0.2	1
Atf6	0.558772102	-0.704049236	0.516	0.2	1
Syn2	0.558772102	-0.889106672	0.516	0.2	1
S100a11	0.558834881	-1.0636826	0.984	0.6	1
Dda1	0.558834881	0.367132903	0.839	0.4	1
Mt3	0.558850572	-0.25714152	1	1	1
H3f3b	0.566863276	-0.666601547	0.645	0.4	1
Hopx	0.566863276	-0.165076325	0.903	0.4	1
Smc4	0.574932256	-0.568421414	0.71	0.2	1
Cpne6	0.574932256	0.067017138	0.516	0.2	1
Marcks	0.574932256	-0.189860718	0.516	0.2	1
Myo5a	0.574993301	0.16041765	0.806	0.4	1
Ncdn	0.575004744	-0.347168561	0.887	0.6	1
Sncg	0.575008558	0.110545732	1	1	1
Ezr	0.583131968	-1.634252792	0.952	0.4	1
Myl9	0.591006796	-0.033078059	0.419	0	1
Dock5	0.591006796	-4.13E-07	0.274	0	1
Fgfr1	0.591006796	-0.017311458	0.274	0	1
Nanos3	0.591072995	-0.792454037	0.5	0.2	1
Sparc	0.591310123	0.399922421	0.677	0.2	1
Rell1	0.591310123	-0.879391544	0.71	0.2	1
Cav1	0.594720088	-0.013756257	0.306	0	1
Kif18a	0.594720088	0.059791377	0.452	0	1
LOC102549941	0.594720088	-0.000187815	0.306	0	1
Zfp865	0.596076541	0.042708796	0.468	0	1
Ckap2l	0.599049447	-0.000110803	0.387	0	1
Exoc1l	0.599524025	0.652989402	0.419	0	1
S100a4	0.599524025	0.93049449	0.565	0	1
S100a8	0.599524025	0.095686022	0.419	0	1
Fxyd1	0.599524025	0.534252751	0.419	0	1
MGC105649	0.599524025	-0.018433345	0.419	0	1
RGD1564664	0.599524025	0.842325369	0.419	0	1
Cdc42ep3	0.599524025	0.196465779	0.565	0	1
Grxcr2	0.599524025	0.235811388	0.419	0	1
Scd	0.599524025	0.429652975	0.419	0	1
Asic3	0.599524025	0.804918044	0.565	0	1
Tfr2	0.599524025	-0.001313835	0.419	0	1
Mertk	0.599524025	-0.008588545	0.419	0	1
Spc24	0.599524025	0.210053716	0.565	0	1
Atad2	0.599524025	0.10834473	0.419	0	1
Ly86	0.599524025	0.022557111	0.419	0	1
Cebpb	0.599524025	0.194879298	0.565	0	1
Igfbp6	0.599524025	0.147608588	0.419	0	1
Atp1a2	0.599524025	0.157844946	0.565	0	1
Tac3	0.599524025	0.06392734	0.565	0	1
Sh2d4b	0.599524025	0.062093486	0.565	0	1
Scara3	0.599524025	-0.001071564	0.565	0	1
RT1-CE10	0.599524025	0.744694752	0.419	0	1
Lsamp	0.599524025	0.73601029	0.419	0	1
Map3k2	0.599524025	0.23569054	0.565	0	1
Pex26	0.599524025	0.259153173	0.419	0	1
Fam89a	0.599524025	0.197877219	0.565	0	1
RGD1306941	0.599524025	-0.002390506	0.419	0	1
Agk	0.599524025	0.091067905	0.565	0	1
Hadh	0.599524025	0.0366729	0.419	0	1
Akap2	0.599524025	0.327782003	0.565	0	1
Camk2n1	0.599524025	0.206704845	0.565	0	1
Clk1	0.599524025	0.139233364	0.419	0	1
AABR07071661.1	0.599524025	0.078839735	0.565	0	1
Txndc16	0.599524025	0.015844451	0.565	0	1
Ppm1f	0.599524025	0.028646319	0.419	0	1
S100a3	0.599524025	0.072588702	0.419	0	1
Bcl11a	0.599524025	0.091247661	0.419	0	1
Ampd3	0.599524025	0.014663744	0.565	0	1
Prrg4	0.599524025	0.038807914	0.565	0	1
Sesn1	0.599524025	0.036614282	0.419	0	1
Dlat	0.599524025	0.586989916	0.565	0	1
Sac3d1	0.599524025	0.081399743	0.565	0	1
Capn10	0.599524025	0.104031543	0.565	0	1
Tnfaip8l3	0.599524025	0.020925154	0.419	0	1
Ahnak	0.599615098	-1.341837525	0.694	0.4	1
Snca	0.607956488	-1.317916362	0.984	0.6	1
Hspa5	0.616305988	-0.715691102	0.694	0.4	1
Tsc22d1	0.616305988	-0.502035892	0.677	0.4	1
Palmd	0.616305988	-0.625564366	0.677	0.4	1
Tubb3	0.616337655	-0.083533521	0.968	0.8	1
Trpm8	0.624692608	-1.128077624	0.532	0.2	1
Slc3a2	0.624692608	0.093838122	0.516	0.2	1
Drgx	0.624747899	0.145452861	0.661	0.4	1
Ppp1r1c	0.633197637	0.199196252	0.871	0.4	1
RGD1305733	0.633197637	-1.026111408	0.694	0.4	1
Celsr2	0.639006467	0.034703219	0.339	0	1
Nfe2l3	0.640533744	0.000785676	0.371	0	1
Smim22	0.640533744	0.000625594	0.5	0	1
Rgs10	0.641683222	-0.377524944	0.532	0.2	1
Chrna3	0.641683222	0.823696689	0.565	0	1
Lgalsl	0.641683222	0.686543221	0.565	0	1
Tmem59l	0.641683222	0.42553401	0.661	0.2	1
Nmt2	0.641683222	-0.433894708	0.694	0.2	1
Tac1	0.64174639	-1.098829669	1	0.6	1
Stmn2	0.641749714	0.035965637	1	1	1
Cd55	0.65028273	-0.308177336	0.871	0.4	1
Dad1	0.65028273	-0.606109269	0.71	0.4	1
Cplx1	0.658863559	-0.573224408	0.694	0.2	1
Pcbd1	0.658863559	-0.003076862	0.532	0.2	1
Kcnv1	0.658863559	-1.222268703	0.694	0.2	1
Hspa12a	0.658863559	-0.748574445	0.694	0.2	1
LOC103694872	0.658924139	-0.836578532	0.935	0.6	1
Msmo1	0.667553645	-1.424425222	0.903	0.4	1
Ppp2r2b	0.676225847	0.56409903	0.661	0.2	1
Ushbp1	0.677961574	-0.00092727	0.403	0	1
Tekt1	0.677961574	0.000435437	0.403	0	1
Ttk	0.681001043	-4.16E-05	0.435	0	1
Cryga	0.684178242	-5.99E-05	0.387	0	1
Mc4r	0.684178242	-0.000297807	0.5	0	1
LOC103694857	0.684928074	0.147044277	0.435	0	1
Clec2g	0.684928074	0.096063494	0.548	0	1
Birc5	0.684928074	0.061555621	0.548	0	1
Mrap	0.684928074	0.11442778	0.548	0	1
Egr2	0.684928074	0.122818955	0.548	0	1
Olfm1	0.684928074	0.878481087	0.435	0	1
Gpx1	0.684928074	0.640417924	0.435	0	1
RGD1564053	0.684928074	0.076942618	0.435	0	1
Kcnq5	0.684928074	0.641528662	0.435	0	1
Pnma8b	0.684928074	0.657913118	0.435	0	1
Arhgdib	0.684928074	0.131158581	0.435	0	1
Tmem233	0.684928074	0.080509332	0.435	0	1
Ankrd33b	0.684928074	0.153182843	0.435	0	1
Hcn2	0.684928074	0.099574104	0.435	0	1
Bco1	0.684928074	0.001486203	0.548	0	1
Cyp2d4	0.684928074	0.041210344	0.548	0	1
Pcdh17	0.684928074	0.25419846	0.435	0	1
Ttc30b	0.684928074	-0.029396343	0.435	0	1
Morc4	0.684928074	0.057502577	0.435	0	1
Cenpm	0.684928074	0.000699884	0.548	0	1
Itgb8	0.684928074	0.00388139	0.435	0	1
Tmem51	0.684928074	0.071134659	0.435	0	1
Creb1	0.684928074	0.10812283	0.548	0	1
Ddah1	0.684928074	0.109803018	0.435	0	1
Cpq	0.684928074	0.792718253	0.435	0	1
AY172581.18	0.684928074	0.025582277	0.435	0	1
Prdx6	0.684928074	0.598346698	0.435	0	1
Tbc1d9	0.684928074	0.061196482	0.435	0	1
Mfap3l	0.684928074	0.083900109	0.548	0	1
Rprd1a	0.684928074	0.094836291	0.435	0	1
Pstpip1	0.684928074	0.159464121	0.548	0	1
AABR07035428.2	0.684928074	0.228194518	0.548	0	1
Tbc1d1	0.684928074	0.035902442	0.548	0	1
Dbf4	0.684928074	-5.65E-05	0.548	0	1
Dnajb4	0.685002466	-1.070159692	0.919	0.4	1
Cttnbp2	0.69371849	-1.036074079	0.677	0.2	1
Ripk1	0.693762026	-0.831296305	0.548	0.2	1
Sod2	0.693808444	-0.18310908	0.677	0.4	1
Nmb	0.693817145	-0.628880423	0.823	0.6	1
Hsph1	0.711463753	0.067207914	0.677	0.2	1
Thy1	0.72040075	0.014339605	0.694	0.4	1
Cdkn1c	0.727909888	0.04084064	0.468	0	1
Mtfp1	0.729062497	-0.000835846	0.419	0	1
Acy3	0.729228932	0.101494861	0.435	0	1
Chga	0.729322418	-0.589883906	0.677	0.2	1
Gadd45g	0.729348369	0.256629977	0.677	0.2	1
Ptn	0.729363936	-0.054439978	0.855	0.4	1
Best1	0.729371718	-1.05347925	1	0.6	1
Nefh	0.74736812	-1.043383834	0.919	0.6	1
Scd2	0.74736812	-0.710666961	0.984	0.6	1
Uchl1	0.747377858	-0.071197414	1	1	1
Tuba1a	0.747377858	-0.321288427	1	1	1
Jund	0.765474857	-0.532762238	0.565	0.2	1
Fermt2	0.765474857	0.121915948	0.548	0.2	1
Ndufa4	0.765520287	-0.238928968	1	1	1
Tnfsf15	0.7694342	-0.00216835	0.306	0	1
Steap2	0.7694342	0.00081897	0.387	0	1
Fcer1g	0.770663593	0.077883193	0.323	0	1
Ifi47	0.774456691	0.021922284	0.435	0	1
Fos	0.77456407	1.050496039	0.532	0	1
Zfp36	0.77456407	0.473281252	0.532	0	1
Fxyd5	0.77456407	0.178043458	0.452	0	1
Creg1	0.77456407	0.356366073	0.532	0	1
Clic5	0.77456407	0.025760931	0.452	0	1
Tf	0.77456407	0.035478345	0.532	0	1
Hk2	0.77456407	0.047610651	0.452	0	1
Egfl8	0.77456407	0.372145041	0.452	0	1
Cmtm5	0.77456407	0.173297035	0.532	0	1
Cntf	0.77456407	-0.000850848	0.452	0	1
Elovl2	0.77456407	0.26250239	0.452	0	1
Ccdc34	0.77456407	0.086452332	0.452	0	1
Fbp2	0.77456407	0.025249143	0.452	0	1
Art3	0.77456407	0.398302716	0.452	0	1
Hmgcs1	0.77456407	0.941197139	0.452	0	1
Unc13c	0.77456407	0.128805681	0.532	0	1
Uap1	0.77456407	0.042496936	0.532	0	1
Acads	0.77456407	0.22728285	0.452	0	1
Anxa8	0.77456407	0.0538467	0.532	0	1
Camk2b	0.77456407	0.407097652	0.452	0	1
Socs2	0.77456407	0.358596239	0.532	0	1
Gabrg2	0.77456407	0.473429661	0.452	0	1
Parp14	0.77456407	0.22326882	0.532	0	1
Hspe1	0.77456407	0.859023304	0.452	0	1
Isl1	0.77456407	0.797787782	0.452	0	1
Rbm27	0.77456407	0.150183741	0.452	0	1
Fam129a	0.77456407	0.141797325	0.532	0	1
Mbd5	0.77456407	0.037290399	0.452	0	1
Rcan2	0.77456407	0.30737474	0.452	0	1
Slc18a2	0.77456407	-0.000269847	0.532	0	1
Slc16a2	0.77456407	0.054980668	0.452	0	1
LOC100912195	0.774618796	-0.497650476	0.726	0.4	1
Fgf13	0.774618796	-0.191366026	0.806	0.4	1
Cpne8	0.774618796	-0.486883656	0.871	0.4	1
Syngr3	0.783750185	0.26903187	0.548	0.2	1
Rnf168	0.783750185	-0.424602921	0.565	0.2	1
Bcat1	0.783783853	-0.292915839	0.935	0.6	1
Pip5k1b	0.792953676	-1.331371407	0.887	0.4	1
Calm1	0.802184252	-0.087719271	1	1	1
Eprs	0.811403744	-1.043860284	0.742	0.4	1
Snhg11	0.820651312	0.061330986	0.645	0.2	1
Dusp26	0.820651312	1.1167225	0.468	0	1
Arl4a	0.829959157	-0.469869204	0.726	0.4	1
Incenp	0.83925742	-0.696596058	0.581	0.2	1
Rab6b	0.839282734	-0.481062089	0.903	0.6	1
Rbp4	0.857953809	-0.171258847	0.581	0.2	1
Sncb	0.857953809	-0.471973317	0.581	0.2	1
Rasef	0.857953809	-0.760746794	0.581	0.2	1
Fgf1	0.857953809	-0.323519491	0.581	0.2	1
AY172581.9	0.857981854	-0.141278542	1	1	1
Pclaf	0.863349224	0.025023483	0.306	0	1
Mki67	0.864236512	8.20E-05	0.323	0	1
Mdfic	0.864236512	0.274554431	0.371	0	1
Nedd1	0.864236512	-0.00030265	0.323	0	1
AABR07068590.2	0.864236512	0.000110303	0.371	0	1
Fam181b	0.865579992	0.0038808	0.403	0	1
Tec	0.865579992	-0.001243682	0.403	0	1
AABR07034438.1	0.865579992	0.08590102	0.355	0	1
Tm4sf1	0.867312976	0.587273708	0.468	0	1
Egr1	0.867312976	0.516808488	0.516	0	1
Aif1	0.867312976	0.178992514	0.516	0	1
Cavin2	0.867312976	0.293492018	0.468	0	1
Plekha4	0.867312976	0.274541868	0.516	0	1
G0s2	0.867312976	-0.002542532	0.516	0	1
Rarres2	0.867312976	0.166843305	0.516	0	1
Klf6	0.867312976	0.28412671	0.468	0	1
Ly6e	0.867312976	0.859233888	0.468	0	1
Gja4	0.867312976	0.081592854	0.516	0	1
Dlgap5	0.867312976	-0.018095761	0.468	0	1
Mal	0.867312976	0.198309036	0.468	0	1
Prdm8	0.867312976	0.027549464	0.516	0	1
Zfp46	0.867312976	0.000441246	0.516	0	1
Rflnb	0.867312976	0.563936339	0.516	0	1
Pcsk9	0.867312976	0.017155095	0.516	0	1
Ldb2	0.867312976	0.581735859	0.468	0	1
Slc17a6	0.867312976	1.16500997	0.468	0	1
Xk	0.867312976	0.127529852	0.468	0	1
Gpx3	0.867312976	0.212248112	0.468	0	1
Grap	0.867312976	0.032264451	0.516	0	1
Usp1	0.867312976	-0.014713729	0.468	0	1
Ppp2r3a	0.867312976	0.325767977	0.516	0	1
Kcnk2	0.867312976	0.058511619	0.468	0	1
Rspo2	0.867312976	0.571525494	0.468	0	1
Polr3f	0.867312976	-0.016121995	0.516	0	1
Col4a1	0.867312976	0.119550443	0.516	0	1
Tmem138	0.867312976	0.158990332	0.468	0	1
Leprot	0.867312976	0.389914406	0.468	0	1
Fbln1	0.867312976	-0.002635944	0.516	0	1
Pold4	0.867312976	0.617368853	0.516	0	1
Cttnbp2nl	0.867312976	0.198749939	0.516	0	1
Rcan1	0.867312976	0.861109297	0.516	0	1
Ccar2	0.867312976	0.123715468	0.468	0	1
Zfp444	0.867312976	0.001950536	0.516	0	1
Baz2b	0.867312976	0.095360728	0.468	0	1
Upf3b	0.867312976	0.758758293	0.468	0	1
Hmgb2l1	0.876730219	-0.694812176	0.645	0.2	1
Chd5	0.876730219	-0.570216008	0.645	0.2	1
Sqle	0.876730219	-0.493316868	0.645	0.2	1
Prpf8	0.876730219	-0.913515443	0.645	0.2	1
Tpm1	0.876753402	-0.741666613	0.984	0.6	1
Nefl	0.876754622	-0.001403883	1	1	1
Dync1i2	0.895596979	-0.160855667	1	1	1
Smarca5	0.905031543	-0.552897893	0.758	0.4	1
Reg3b	0.913158951	0.034633624	0.387	0	1
Sfrp4	0.913512907	-0.001918815	0.371	0	1
C1s	0.913512907	0.001281356	0.371	0	1
AC141028.3	0.914018541	-0.003973615	0.435	0	1
Acsbg1	0.914187416	0.142772353	0.419	0	1
Fjx1	0.914187416	0.058672265	0.419	0	1
Akap1	0.914396264	0.023985346	0.484	0	1
Cks2	0.914450792	-0.000397183	0.5	0	1
Chp2	0.914481418	-1.305189983	0.597	0.2	1
Mcf2l	0.914481418	-0.615269459	0.597	0.2	1
Ypel3	0.914495019	-0.16110697	0.887	0.6	1
Gng3	0.914498419	-0.433795244	1	1	1
Slc25a4	0.914498419	-0.112620221	1	1	1
Tes	0.933435085	-0.347639577	0.597	0.2	1
Bex2	0.933447675	-0.057774143	0.919	0.6	1
Mapt	0.942932456	-0.379717934	0.774	0.4	1
Peg3	0.942932456	-0.599194585	0.774	0.4	1
Pafah1b3	0.942932456	-0.28173765	0.742	0.4	1
Igfbp2	0.952426567	-0.701455932	0.629	0.2	1
Ophn1	0.952426567	-0.913763941	0.629	0.2	1
Map2	0.952426567	0.027194779	0.597	0.2	1
Piezo2	0.952426567	-0.524613989	0.629	0.2	1
Bcam	0.952431308	-0.69778287	0.613	0.2	1
Mt-nd5	0.952436049	0.168541043	0.984	1	1
Ccl6	0.961036834	0.000115598	0.355	0	1
Lmo2	0.961036834	0.046948267	0.339	0	1
LOC654482	0.961036834	-0.006604435	0.355	0	1
Ccdc62	0.961036834	-5.42E-05	0.355	0	1
Tyrobp	0.961250423	-0.013594674	0.355	0	1
Erg	0.961425821	0.057402428	0.371	0	1
Sbspon	0.961831737	-0.000757806	0.452	0	1
Hes1	0.961927432	0.844785114	0.5	0	1
Ccnb1	0.961927432	0.05788111	0.484	0	1
Foxc1	0.961927432	-0.003140069	0.5	0	1
Timp3	0.961927432	0.273485359	0.5	0	1
Cdkn1a	0.961927432	0.397201452	0.5	0	1
Tnfrsf12a	0.961927432	0.28863085	0.484	0	1
Rarres1	0.961927432	0.290647488	0.484	0	1
Cdh19	0.961927432	0.113303315	0.5	0	1
Car2	0.961927432	-0.00840421	0.5	0	1
Tmem45b	0.961927432	0.379877201	0.484	0	1
Bmt2	0.961927432	0.059525789	0.484	0	1
Rab20	0.961927432	0.153380294	0.5	0	1
Vps52	0.961927432	0.278604442	0.5	0	1
Hist1h2an	0.961927432	0.111594128	0.484	0	1
Chac1	0.961927432	-0.019056776	0.484	0	1
Mis18bp1	0.961927432	0.338024067	0.484	0	1
Brwd3	0.961927432	-0.003911368	0.5	0	1
Crabp2	0.961927432	0.156633228	0.484	0	1
Ifit1	0.961927432	-0.011048847	0.5	0	1
Ramp3	0.961927432	0.430382968	0.484	0	1
Calb1	0.961927432	0.002589476	0.5	0	1
Phactr3	0.961927432	0.335195236	0.5	0	1
Kcna2	0.961927432	0.195670736	0.484	0	1
Nptxr	0.961927432	0.042682006	0.484	0	1
Aak1	0.961927432	0.336580283	0.484	0	1
Fam76a	0.961927432	0.128783011	0.5	0	1
LOC102548682	0.961927432	0.084974128	0.5	0	1
Stk32c	0.961927432	0.212574221	0.484	0	1
Bnip2	0.961927432	0.141560561	0.5	0	1
LOC102549817	0.961927432	0.000866009	0.484	0	1
Rgs7	0.961927432	0.095200773	0.5	0	1
Gng13	0.961927432	0.036285856	0.5	0	1
ENSRNOG00000032605	0.961936924	-1.783346251	0.839	0.4	1
Tubb2b	0.971445104	0.323292161	0.613	0.2	1
Snapc2	0.971445104	-0.039416796	0.597	0.2	1
Map1a	0.980963044	-0.625355428	0.806	0.4	1
Stmn3	0.990481794	0.027830941	1	1	1
Jun	1	0.227022103	0.597	0.2	1
Kcnj2	1	-0.011363063	0.435	0	1
Faim2	1	0.201602194	0.597	0.2	1
Afdn	1	-0.475063312	0.79	0.4	1
Ccne2	1	0.001967445	0.468	0	1
Micu3	1	-0.264351881	0.613	0.2	1
Ehd4	1	0.954754415	0.5	0	1
ENSRNOG00000058555	1	-0.001188943	0.29	0	1