id	p_val	avg_log2FC	pct.1	pct.2	p_val_adj
Smtn	2.10E-17	0.021147083	0.458	0.06	4.19E-14
Dot1l	3.28E-15	0.018588913	0.495	0.084	6.57E-12
Fam111a	4.04E-15	0.108444411	0.407	0.048	8.08E-12
Syt6	1.92E-14	-0.011257743	0.528	0.169	3.84E-11
Pdzrn3	2.03E-14	0.002656842	0.324	0.012	4.06E-11
Slc16a13	5.20E-14	-0.024264725	0.389	0.048	1.04E-10
Ccdc146	5.64E-14	0.002613714	0.264	0	1.13E-10
Itsn1	7.38E-14	0.145651126	0.384	0.024	1.48E-10
AC131360.1	9.10E-14	-0.048480488	0.264	0.012	1.82E-10
1-Sep	1.36E-13	0.209691104	0.468	0.12	2.72E-10
Srgap2	1.45E-13	-0.209918825	0.514	0.145	2.89E-10
Unc5b	2.19E-13	0.062195838	0.167	0.578	4.38E-10
Dgkb	6.64E-13	-0.128505898	0.458	0.096	1.33E-09
Apod	8.98E-13	0.003048866	0.486	0.133	1.80E-09
Lef1	9.13E-13	-0.054628144	0.356	0.048	1.83E-09
Arntl	1.51E-12	0.003983942	0.324	0	3.02E-09
Hectd4	1.61E-12	0.000948827	0.449	0.096	3.23E-09
Cecr2	1.75E-12	0.003048065	0.444	0.108	3.50E-09
Sema4a	3.41E-12	-0.036718686	0.319	0.024	6.83E-09
Pcnx2	3.41E-12	0.001882484	0.292	0.048	6.83E-09
Fjx1	3.42E-12	0.036858329	0.264	0	6.85E-09
Abi3bp	3.78E-12	-0.168673994	0.486	0.157	7.57E-09
Gal	8.67E-12	-0.691031406	0.444	0.819	1.73E-08
Fcgbp	9.96E-12	0.034109887	0.255	0.024	1.99E-08
Sphk1	2.16E-11	-0.046405835	0.338	0.036	4.33E-08
Arhgap24	2.44E-11	-0.002103337	0.306	0.036	4.88E-08
Elmsan1	2.54E-11	0.013122214	0.352	0.072	5.07E-08
Tbx3	3.93E-11	-0.06214763	0.296	0.012	7.86E-08
Vti1a	5.47E-11	-0.020498621	0.426	0.133	1.09E-07
Nusap1	6.23E-11	-0.038262191	0.255	0.012	1.25E-07
Socs1	6.77E-11	-0.056352389	0.444	0.133	1.35E-07
Zfp711	7.28E-11	-0.027571313	0.463	0.108	1.46E-07
Stk35	1.01E-10	-0.000609374	0.296	0.012	2.01E-07
Tnfaip8l3	1.08E-10	-0.119404375	0.338	0.084	2.16E-07
Atp6v1c2	1.15E-10	0.004731331	0.329	0.06	2.30E-07
Pdzd2	2.16E-10	0.013782167	0.426	0.096	4.33E-07
Sox15	3.93E-10	0.006325675	0.486	0.072	7.86E-07
Creld2	4.09E-10	-0.171515416	0.384	0.096	8.19E-07
Cntnap4	4.63E-10	0.002898052	0.25	0.012	9.26E-07
Lgi3	4.65E-10	0.166003066	0.231	0.578	9.31E-07
Erbin	5.62E-10	-0.148949188	0.417	0.108	1.12E-06
Acer2	6.58E-10	-0.014452709	0.44	0.036	1.32E-06
Rasef	8.71E-10	0.02037301	0.259	0.012	1.74E-06
Hcn2	9.40E-10	-0.043441943	0.343	0.12	1.88E-06
Pradc1	1.26E-09	0.098955519	0.292	0.06	2.51E-06
AABR07017159.1	1.47E-09	-0.017351198	0.333	0.06	2.95E-06
Jazf1	1.65E-09	-0.096666165	0.394	0.169	3.31E-06
Fcer1g	1.70E-09	0.01833847	0.259	0.024	3.41E-06
Gfm2	1.72E-09	-0.038337144	0.505	0.241	3.43E-06
Taf1c	2.11E-09	0.081142526	0.319	0.06	4.23E-06
Penk	2.17E-09	0.075989268	0.338	0.024	4.35E-06
St3gal6	2.34E-09	0.065671861	0.199	0.566	4.68E-06
Ebi3	2.42E-09	0.008975037	0.356	0.096	4.84E-06
Cdh8	2.67E-09	-0.022686161	0.546	0.241	5.35E-06
Ier5l	2.70E-09	-0.031733006	0.329	0.06	5.40E-06
Tyrobp	3.10E-09	0.056568711	0.259	0.024	6.20E-06
Wdr60	3.40E-09	-0.070972296	0.319	0.108	6.80E-06
Mertk	3.60E-09	0.021448554	0.278	0.06	7.21E-06
Atg2b	4.08E-09	0.012855028	0.458	0.157	8.16E-06
Fsip1	4.67E-09	-0.001555254	0.44	0.169	9.34E-06
Zfp691	5.00E-09	0.088570132	0.403	0.145	1.00E-05
Uba7	5.78E-09	0.011157912	0.435	0.133	1.16E-05
Ucn2	5.84E-09	-0.100832512	0.394	0.012	1.17E-05
Gpr37l1	7.54E-09	0.034642279	0.477	0.145	1.51E-05
Vps25	7.55E-09	0.003477697	0.44	0.133	1.51E-05
Zfp521	1.07E-08	-0.023677732	0.398	0.024	2.14E-05
Pnma8a	1.12E-08	-0.047674221	0.366	0.12	2.24E-05
Cldn19	1.21E-08	0.001016471	0.486	0.084	2.42E-05
Fbln5	1.29E-08	0.036046518	0.426	0.157	2.58E-05
Itpkc	1.33E-08	-0.062430145	0.431	0.145	2.67E-05
Lrriq1	1.38E-08	0.174553692	0.468	0.181	2.75E-05
Otc	1.39E-08	0.186809812	0.389	0.108	2.78E-05
Phactr3	1.52E-08	0.001248611	0.583	0.277	3.04E-05
Cc2d2a	1.55E-08	0.055239845	0.472	0.229	3.10E-05
Arhgap29	1.77E-08	0.039858597	0.523	0.229	3.54E-05
Trib1	1.84E-08	0.082652663	0.37	0.084	3.67E-05
Iqgap1	1.93E-08	-0.031380872	0.333	0.072	3.86E-05
Ly86	1.95E-08	-0.020255	0.306	0.096	3.89E-05
Mettl25	2.44E-08	0.023399107	0.296	0.06	4.88E-05
Panx3	2.98E-08	-0.116215121	0.255	0.024	5.97E-05
Aar2	3.01E-08	-0.034593187	0.292	0.036	6.01E-05
Perp	3.16E-08	-0.116766188	0.356	0.145	6.31E-05
Cacna1d	3.37E-08	-0.049340948	0.278	0.084	6.74E-05
AC141028.3	4.27E-08	0.002034418	0.407	0.133	8.53E-05
Creb1	4.68E-08	0.049524761	0.278	0.06	9.37E-05
Ccdc149	5.00E-08	0.003157724	0.468	0.096	0.000100043
Tipinl1	5.06E-08	-0.019043858	0.366	0.133	0.000101258
Slc39a10	5.86E-08	-0.010665392	0.403	0.157	0.000117128
Scrt1	6.04E-08	-0.173054122	0.366	0.145	0.000120826
Prom1	7.06E-08	0.00039395	0.389	0.024	0.000141165
Acsl4	7.38E-08	-0.0745703	0.421	0.193	0.000147665
Cks2	7.67E-08	-0.051282915	0.315	0.096	0.000153447
LOC691143	8.53E-08	-0.041906994	0.472	0.193	0.000170596
Mok	8.96E-08	-0.024531246	0.384	0.108	0.000179171
Hmgn5b	9.70E-08	0.019763668	0.287	0.012	0.00019399
Blm	9.93E-08	0.020482987	0.509	0.205	0.000198674
Ppard	1.04E-07	0.034743783	0.398	0.048	0.000208888
Il31ra	1.14E-07	-0.001020045	0.333	0.036	0.000228332
Gem	1.18E-07	0.001005619	0.431	0.205	0.000236061
Scara3	1.21E-07	-0.019482963	0.306	0.096	0.000241166
Stk32c	1.31E-07	0.018931203	0.389	0.133	0.000261736
Xaf1	1.31E-07	-0.026830689	0.361	0.096	0.000262143
Coq8b	1.37E-07	0.040739008	0.287	0.048	0.000274431
Snai2	1.42E-07	-0.089753796	0.301	0.096	0.000283309
ENSRNOG00000054017	1.64E-07	0.007909263	0.37	0.048	0.000327711
Atp11b	1.67E-07	0.026002254	0.519	0.349	0.000333793
Pmfbp1	1.67E-07	-0.067685665	0.296	0.036	0.000334258
Slc8b1	1.72E-07	-0.191235158	0.292	0.096	0.000343514
Cdh9	1.74E-07	0.004980095	0.259	0.036	0.000347415
Maip1	2.02E-07	0.075737212	0.278	0.096	0.000403244
Vamp5	2.31E-07	0.051393054	0.407	0.108	0.000461078
Maff	2.32E-07	0.135416178	0.31	0.108	0.000463688
Crh	2.44E-07	-0.178198775	0.458	0.217	0.000487781
Fam46a	2.56E-07	-0.118495475	0.426	0.193	0.000511854
Kcnc1	2.62E-07	0.013435442	0.444	0.145	0.000524385
Mfge8	2.74E-07	-0.012339024	0.324	0.12	0.000548829
Samhd1	2.96E-07	-0.062346606	0.259	0.084	0.000592148
RGD1311251	3.14E-07	-0.096760153	0.255	0.084	0.000628158
Ssc5d	3.26E-07	-0.055534642	0.481	0.277	0.000651027
Smc2	3.46E-07	-0.004419497	0.449	0.241	0.000692649
Knstrn	3.60E-07	-0.001298602	0.394	0.614	0.000720946
Nppc	4.08E-07	0.000497036	0.514	0.145	0.000815802
Vps52	4.08E-07	-0.023885147	0.389	0.157	0.000816213
Krt7	4.13E-07	0.228287135	0.44	0.241	0.000826727
Ick	4.17E-07	-0.139229952	0.356	0.145	0.000833574
Nuf2	4.32E-07	0.026193268	0.282	0.096	0.000863443
Hbegf	4.91E-07	0.159862202	0.329	0.651	0.000981505
Grik1	5.09E-07	-0.151626548	0.394	0.169	0.001018523
Taf6l	5.16E-07	-0.145009743	0.435	0.205	0.001031949
Slc25a12	5.17E-07	0.01078756	0.463	0.217	0.001034919
Cst12	5.31E-07	0.007076164	0.463	0.241	0.001061642
Pcp4	6.15E-07	-0.098190359	0.412	0.217	0.001229511
Uevld	6.64E-07	-0.056144991	0.324	0.12	0.001327609
Adora2b	6.70E-07	0.012205334	0.273	0.036	0.001340994
Enho	6.79E-07	-0.004248241	0.491	0.289	0.001358599
Fbxo32	7.51E-07	-0.100204868	0.472	0.193	0.001502684
Srrm4	8.00E-07	-0.012842677	0.468	0.265	0.001600292
Car2	8.16E-07	0.070390763	0.301	0.542	0.001632864
Apold1	8.39E-07	-0.197384553	0.356	0.133	0.001678983
Rnd3	9.04E-07	0.00883854	0.375	0.771	0.001807965
Nmt2	9.65E-07	-0.189807771	0.398	0.651	0.001930121
Tarsl2	9.85E-07	-0.120607291	0.306	0.084	0.001969637
Mboat4	9.98E-07	-0.045888276	0.356	0.133	0.00199614
RatNP-3b	1.07E-06	5.65E-05	0.269	0.012	0.002137628
Ret	1.16E-06	-0.362085624	0.449	0.205	0.002313931
Cenpw	1.20E-06	0.007049639	0.449	0.145	0.00240983
Cfh	1.22E-06	-0.220797778	0.468	0.108	0.002431328
Rbp2	1.25E-06	0.028087934	0.426	0.169	0.002494528
Gstt1	1.30E-06	-0.031042111	0.315	0.096	0.002608572
AABR07004228.1	1.31E-06	0.00154746	0.356	0.072	0.0026194
AABR07073134.1	1.42E-06	0.112934068	0.264	0.012	0.002838789
Hoxb7	1.58E-06	-0.110484793	0.292	0.145	0.003153698
Galnt7	1.58E-06	0.016522336	0.282	0.012	0.003165415
Tstd1	1.59E-06	-0.05554489	0.532	0.337	0.003170031
Qtrt1	1.64E-06	0.048327146	0.5	0.217	0.003289821
Klf3	1.78E-06	0.104055005	0.356	0.169	0.003563171
Dgki	1.85E-06	0.119224632	0.431	0.241	0.00369178
Cdc42ep3	1.87E-06	-0.272901303	0.426	0.663	0.003739694
Mbd5	1.99E-06	-0.018048699	0.444	0.241	0.003979988
Sgo2	2.02E-06	-0.001904736	0.282	0.06	0.004045927
Traf3	2.07E-06	0.082704341	0.338	0.096	0.004133804
Nomo1	2.50E-06	-0.02862694	0.333	0.084	0.00499348
Igfbp3	2.67E-06	0.237043844	0.19	0.422	0.005345186
Slc2a1	3.31E-06	-0.066642829	0.269	0.096	0.006626444
Col1a1	3.35E-06	0.023396856	0.435	0.072	0.006701953
Tmcc2	3.47E-06	0.035856223	0.421	0.639	0.006935783
Prx	3.49E-06	-0.000505497	0.31	0.036	0.006971439
Ophn1	3.53E-06	0.173207655	0.417	0.193	0.007065268
Pde12	3.63E-06	0.026614709	0.301	0.108	0.007251322
Fxyd1	4.03E-06	0.113780313	0.426	0.229	0.008059773
Ptger2	4.24E-06	0.031936005	0.282	0.506	0.008478068
Tmem51	4.58E-06	-0.002133198	0.306	0.133	0.009167207
Fam181b	4.84E-06	0.00920154	0.287	0.41	0.009671998
AC141169.2	4.98E-06	0.027537204	0.306	0.084	0.009950088
Rbpms	5.62E-06	0.010303689	0.37	0.036	0.011240499
Gjc1	5.86E-06	0.003719553	0.315	0.024	0.011711357
Luzp1	5.94E-06	0.106925154	0.426	0.229	0.011874227
S1pr1	6.05E-06	-0.082993331	0.491	0.229	0.012106709
Cwc22	6.85E-06	-0.067571789	0.25	0.108	0.01369639
Id3	7.25E-06	-0.062653499	0.458	0.651	0.014508737
Rel	7.25E-06	0.041398995	0.468	0.205	0.014508737
Rad51ap1	8.14E-06	-0.026519124	0.519	0.289	0.016285438
Exoc1l	8.29E-06	0.125320758	0.273	0.554	0.016579114
Stard4	9.32E-06	-0.101794491	0.347	0.145	0.018648163
F12	9.43E-06	0.013210833	0.319	0.482	0.018855383
Ggct	9.52E-06	-0.192502059	0.319	0.133	0.019049946
Rhoj	9.83E-06	0.074267917	0.347	0.096	0.019658284
Col3a1	9.98E-06	0.002211238	0.486	0.169	0.019966913
Rflnb	1.06E-05	0.027794061	0.171	0.446	0.0211726
Mab21l2	1.10E-05	-0.095198316	0.407	0.193	0.021933871
Zfp128	1.19E-05	0.008825194	0.25	0.398	0.023742053
Adam11	1.19E-05	0.031156149	0.384	0.133	0.023883286
Grhpr	1.21E-05	0.07394506	0.236	0.518	0.024211174
Cavin2	1.22E-05	0.232442772	0.412	0.241	0.024477888
RGD1359508	1.23E-05	0.029647011	0.361	0.133	0.024513513
LOC102549817	1.31E-05	-0.035660047	0.435	0.12	0.026270478
Rassf7	1.38E-05	0.032079726	0.468	0.277	0.027572562
Pdlim4	1.49E-05	-0.06402532	0.486	0.241	0.029873942
Tac3	1.62E-05	0.00335064	0.315	0.072	0.032474255
Birc5	1.65E-05	-0.077242358	0.296	0.12	0.032986601
Dok5	1.74E-05	0.001368801	0.319	0.157	0.034776588
Plcd4	1.79E-05	0.018711444	0.426	0.277	0.035770835
Cldn16	1.81E-05	-0.13942897	0.347	0.193	0.036224984
Larp1	1.92E-05	0.015188771	0.505	0.301	0.038321647
AABR07034438.1	2.07E-05	0.000808915	0.458	0.133	0.04137319
Spata6l	2.08E-05	-0.042668593	0.514	0.181	0.041627351
Myo3a	2.12E-05	-4.35E-05	0.421	0.241	0.042463227
Bglap	2.22E-05	0.041079888	0.431	0.627	0.044388316
Birc2	2.25E-05	-0.400127366	0.222	0.458	0.044991994
Rp2	2.30E-05	-0.000433479	0.269	0.036	0.045977002
Sfxn4	2.46E-05	-0.084573858	0.444	0.265	0.049260699
Jak1	2.67E-05	0.460175658	0.606	0.386	0.05332891
Kif20b	2.68E-05	0.002705162	0.5	0.301	0.053532384
Macf1	3.12E-05	0.157756347	0.347	0.205	0.062478111
Ifitm3	3.14E-05	0.119393777	0.347	0.602	0.062898716
Dcn	3.21E-05	-0.092881401	0.37	0.084	0.064158458
Arl13b	3.30E-05	0.083586865	0.361	0.169	0.065975551
Tekt1	3.39E-05	-0.014360308	0.444	0.133	0.067798783
Rdm1	3.41E-05	0.086030359	0.361	0.181	0.068160449
Gpx2	4.00E-05	-0.322167667	0.491	0.819	0.079971709
Exd2	4.00E-05	-0.043573465	0.403	0.241	0.080053522
Cdh13	4.16E-05	-0.045953749	0.338	0.578	0.083204347
Dag1	4.30E-05	0.038962841	0.333	0.12	0.086081135
Foxs1	4.34E-05	0.001551483	0.259	0.024	0.086796831
Fgl2	4.72E-05	0.257219629	0.403	0.663	0.094307998
Ctxn3	5.11E-05	-0.293338646	0.31	0.145	0.102298996
AABR07035428.2	5.22E-05	0.187635738	0.329	0.145	0.104482238
Elf1	5.33E-05	-0.027805481	0.37	0.205	0.10668944
Arid3a	5.35E-05	0.016723239	0.356	0.53	0.10696912
Ppp1r9a	5.39E-05	0.284334601	0.509	0.313	0.107733883
Arhgef18	5.43E-05	-0.015593002	0.38	0.157	0.10869781
Dgkh	5.44E-05	0.503409545	0.509	0.795	0.108758639
Zfp36l1	5.59E-05	-0.156320766	0.38	0.627	0.111896887
Nnat	5.76E-05	0.001618344	0.523	0.301	0.115218941
Sncb	5.78E-05	0.502942308	0.412	0.217	0.115566548
10-Sep	6.82E-05	0.135161906	0.356	0.614	0.136497551
Casr	6.86E-05	-0.031507765	0.375	0.217	0.137246512
Fam92b	7.24E-05	0.164864888	0.519	0.337	0.144810603
AC141102.1	7.40E-05	0.067722742	0.435	0.639	0.147974548
Nrde2	7.54E-05	0.067223916	0.37	0.253	0.150779185
Tmem216	7.59E-05	-0.00362206	0.468	0.289	0.15176351
Pla2g16	7.73E-05	-0.009174886	0.333	0.096	0.154527651
Rab11fip3	7.74E-05	0.006864029	0.454	0.193	0.154763683
Lrrk2	8.17E-05	-0.028240743	0.301	0.048	0.163313005
Calb2	8.40E-05	-0.066304725	0.375	0.494	0.167969879
AABR07021544.1	9.59E-05	-0.00094206	0.278	0.036	0.191716918
Prc1	0.000102985	-0.023964354	0.361	0.108	0.205970742
Spc25	0.000102988	-0.039428021	0.259	0.072	0.205975741
Bgn	0.000105712	0.026299706	0.495	0.169	0.211424876
Arhgap15	0.000107543	0.031486121	0.407	0.217	0.215085492
Gramd1b	0.000110183	0.039784459	0.431	0.217	0.220366436
Cxcl2	0.000110539	-0.254662749	0.458	0.169	0.221078343
Tiparp	0.000112057	0.079385069	0.375	0.169	0.224113057
Brinp2	0.00011812	-0.002494823	0.44	0.277	0.236240871
Wfdc15b	0.000122015	-0.023017879	0.398	0.084	0.244029768
Ch25h	0.000126518	0.037170124	0.296	0.12	0.253036946
Tp53inp1	0.000127309	-0.053153434	0.278	0.145	0.254618433
Ano4	0.000129097	0.193609966	0.375	0.181	0.258193962
Mrgprb4	0.000131143	0.293172436	0.417	0.265	0.262285543
Mbp	0.000133688	0.380245398	0.435	0.253	0.267375861
Igfbp6	0.000135648	0.099569655	0.236	0.446	0.271296765
Rab6b	0.000140439	-0.32778101	0.755	0.964	0.280877511
Gab1	0.000145701	-0.028923352	0.431	0.578	0.291401245
Scrg1	0.000148238	-0.018042179	0.481	0.602	0.296476239
Il6	0.000149951	0.03188417	0.352	0.53	0.299901184
Tap1	0.000150275	-0.104265007	0.431	0.277	0.300549417
ENSRNOG00000061528	0.000152822	0.039331288	0.106	0.301	0.305643993
Asphd1	0.000161537	0.251350672	0.37	0.217	0.32307471
Nptxr	0.000163007	0.290256047	0.417	0.253	0.326013653
Syt3	0.000164047	-0.007464209	0.347	0.518	0.328093776
Rasl11a	0.000164499	0.003945426	0.25	0.06	0.328997816
Kank1	0.000169969	0.02227474	0.306	0.048	0.339938169
Qpct	0.0001717	-0.046737717	0.296	0.53	0.343399963
Cep85l	0.000176926	0.024606465	0.315	0.096	0.353851882
Sfrp1	0.000178728	-0.074314866	0.472	0.627	0.357456531
Lsamp	0.000194309	-0.022028889	0.296	0.157	0.388618465
Tnfsf15	0.00020296	0.013538095	0.264	0	0.405920897
Nppa	0.000207125	0.153508666	0.259	0.108	0.414250741
Tgif1	0.000219129	-0.001161447	0.44	0.12	0.438257865
Mef2c	0.000221018	-0.048356884	0.273	0.12	0.442035497
Ccdc18	0.000221127	0.007968179	0.319	0.096	0.442253984
Arhgef7	0.00022152	-0.127992263	0.296	0.133	0.443040427
Reg3b	0.000230347	0.262096264	0.486	0.627	0.46069453
Ugdh	0.000235243	-0.074158298	0.338	0.205	0.470485471
Ccdc34	0.00023788	-0.039663787	0.389	0.253	0.475759591
Eif4ebp3	0.000249445	0.276094513	0.417	0.265	0.498890334
Serpine2	0.000251214	-0.082430175	0.366	0.169	0.502427042
Hmgb2l1	0.00025427	-0.088128907	0.407	0.241	0.508540616
Oasl	0.00025896	0.009565216	0.255	0.084	0.517920371
AABR07026137.1	0.000262998	-0.081682889	0.292	0.12	0.525996604
Klf13	0.000269544	0.143743847	0.412	0.253	0.539087123
Acpp	0.000271821	-0.006490879	0.417	0.253	0.543642774
Ndrg4	0.000277205	-0.405871848	0.634	0.831	0.554409661
Tox2	0.000281279	0.078365502	0.426	0.614	0.562557762
LOC100909712	0.000296275	0.048127038	0.384	0.241	0.592550822
Plac9	0.000302384	0.153339388	0.417	0.578	0.604768944
Cfi	0.000305126	-0.284030898	0.537	0.361	0.610251371
Piezo2	0.000305626	-0.32884083	0.426	0.253	0.611251908
Ttyh1	0.000316643	0.030357983	0.329	0.169	0.633286265
Tgds	0.000318483	0.001825197	0.255	0	0.636965627
Clk1	0.000320781	-0.120094885	0.319	0.59	0.641562619
Fstl3	0.000329148	0.138414814	0.417	0.277	0.658295219
Rph3a	0.000340498	0.049966686	0.5	0.349	0.680995877
Cenpe	0.000341818	-0.015766764	0.347	0.241	0.683635145
Rbl2	0.000351335	-0.004498395	0.375	0.578	0.702670276
Bmt2	0.000353062	-0.025919974	0.384	0.145	0.706124206
Sct	0.000355472	0.013847366	0.319	0.181	0.710944721
Ankrd39	0.000362567	-0.015724925	0.412	0.12	0.725134246
Pltp	0.000366276	-0.201441056	0.25	0.036	0.732552932
Matn2	0.000374173	0.036042858	0.519	0.627	0.748346774
Srd5a2	0.000375384	0.001337771	0.468	0.181	0.750768052
Metrnl	0.000377802	0.004195394	0.384	0.133	0.755604871
Agk	0.000388275	0.019531712	0.398	0.229	0.776549768
Ptchd1	0.000411284	-0.022309944	0.463	0.325	0.822568985
Birc3	0.000426557	-0.027582036	0.523	0.313	0.8531135
Syt4	0.000435324	-0.331244945	0.597	0.855	0.870647031
Lgals9	0.000437731	0.087659186	0.37	0.217	0.875462645
Usp53	0.000438191	-0.115163192	0.403	0.205	0.876382491
Plekhb1	0.000439771	0.027639212	0.319	0.181	0.879542316
Dusp18	0.000440007	0.008833176	0.329	0.205	0.880013917
Dlat	0.000442794	-0.213228599	0.273	0.518	0.885588657
Cdc25a	0.000452122	-0.082590117	0.56	0.651	0.90424347
Cdkn1c	0.00045275	-0.01640416	0.421	0.133	0.905499917
Nek8	0.00045869	-0.017858897	0.343	0.06	0.917379036
Nudt15	0.000459792	0.005217008	0.472	0.313	0.91958481
Ankrd13d	0.000477698	0.030645734	0.523	0.337	0.955395178
Slc51a	0.000480983	0.138846334	0.417	0.253	0.961966755
Hoxb2	0.000488029	-0.071243378	0.458	0.169	0.976058979
Lrat	0.000489356	0.005896637	0.394	0.096	0.978711196
AABR07026112.1	0.000489379	-0.509577122	0.292	0.205	0.978758823
Snapc2	0.000493669	-0.285921188	0.477	0.361	0.987337371
Slc4a4	0.000527583	-0.005317537	0.329	0.157	1
Mylip	0.000536974	0.383970697	0.495	0.325	1
RT1-A1	0.000540447	0.173096442	0.477	0.349	1
Mrap	0.000541614	-0.015148855	0.319	0.446	1
Giot1	0.000551004	0.008126612	0.491	0.313	1
Nfkb1	0.000560473	-0.014911731	0.315	0.12	1
Samd4a	0.000573334	-0.066236705	0.44	0.289	1
Rasal2	0.000583159	-0.04835702	0.333	0.59	1
Heatr5a	0.00059482	-0.012440065	0.347	0.205	1
Pcsk9	0.000632898	0.109478524	0.292	0.157	1
Camk2n1	0.000658569	-0.196948433	0.366	0.253	1
Parp14	0.000673473	0.020867522	0.366	0.145	1
Zfp385a	0.000675532	0.029737811	0.097	0.325	1
Aebp1	0.000676782	-0.001731943	0.278	0.024	1
Rcan2	0.000688107	-0.015961948	0.273	0.06	1
Rnf125	0.000701347	0.113771894	0.403	0.651	1
Tec	0.000710166	0.004324824	0.315	0.048	1
Edc4	0.000739954	0.040042677	0.435	0.289	1
LOC100912195	0.000753846	-0.26182228	0.644	0.855	1
Mgst2	0.000786588	-0.015540195	0.435	0.253	1
Rasd1	0.000795359	0.005541225	0.301	0.181	1
Creb5	0.000799778	-0.037930217	0.435	0.265	1
Nrp1	0.000802343	-0.119605081	0.366	0.229	1
RF00100	0.000827116	-0.102685888	0.292	0.518	1
Nr1d1	0.000827327	0.040299387	0.259	0.506	1
Ank3	0.000837978	-0.343583276	0.375	0.602	1
Cox6b2	0.000871063	0.013767459	0.375	0.072	1
AC134224.3	0.000872876	-1.137213929	0.861	0.988	1
Tpx2	0.000878981	0.202796008	0.361	0.193	1
Myo5a	0.000888967	0.037103793	0.671	0.904	1
Ccl3	0.00089352	-0.003698536	0.259	0.024	1
Marveld2	0.000902218	0.016768622	0.333	0.145	1
Plat	0.000906644	0.100330668	0.491	0.337	1
Iapp	0.000916532	-0.019657803	0.259	0.084	1
Brpf1	0.000977145	-0.003842109	0.282	0.169	1
Mrps6	0.000993509	0.295792117	0.394	0.241	1
Fam107a	0.001016655	-0.000200979	0.352	0.06	1
Cst6	0.001018671	0.201406105	0.324	0.518	1
Stx1a	0.00105818	-0.001695569	0.394	0.265	1
Ndrg1	0.001092844	-0.08388801	0.384	0.217	1
Kcnq5	0.001130635	0.055506874	0.407	0.277	1
Capn10	0.001204203	-0.017774309	0.194	0.458	1
Dgke	0.001243106	-0.077236772	0.31	0.494	1
Nfe2l3	0.001253552	-0.143209257	0.231	0.458	1
AABR07068590.2	0.001256681	-0.000416752	0.301	0.06	1
Egfl7	0.001280578	0.022267304	0.542	0.663	1
AABR07016578.3	0.001319085	0.012970562	0.394	0.229	1
Adgrf5	0.001365655	0.040645402	0.421	0.157	1
Zfp964	0.001395566	0.063071774	0.477	0.193	1
Tmem72	0.001472684	0.056596929	0.556	0.313	1
Hpcal1	0.001504227	-0.226942335	0.463	0.735	1
Nsg1	0.001527835	-0.201634931	0.463	0.349	1
Hey2	0.001538111	-0.112137997	0.306	0.181	1
Lpar1	0.001572418	-0.080677847	0.329	0.253	1
Serpinb6b	0.001587242	-0.001236044	0.338	0.096	1
Bag3	0.001594814	-0.222628539	0.296	0.518	1
Cby3	0.001623549	-0.001513391	0.352	0.446	1
AABR07001905.1	0.001623947	0.000207333	0.472	0.181	1
Rbm33	0.001654796	0.394587045	0.292	0.157	1
Gprc5c	0.001704195	-0.022322418	0.5	0.675	1
LOC100912489	0.001705388	0.228779352	0.296	0.181	1
Tspan12	0.00175037	0.229580292	0.468	0.325	1
Hmox1	0.001804814	0.084267584	0.375	0.229	1
Nupl2	0.001808961	-0.029568225	0.583	0.422	1
Dusp2	0.001858038	-0.015510109	0.375	0.108	1
MGC108823	0.001895059	0.012305066	0.356	0.47	1
Jun	0.001898474	-1.110768332	0.444	0.675	1
Csrnp1	0.001923093	-0.012753406	0.329	0.108	1
LOC100360316	0.001955177	0.062645833	0.421	0.289	1
Rbks	0.001963063	0.099621158	0.403	0.241	1
Hmgcr	0.001978167	-0.170733314	0.324	0.229	1
Phlda1	0.002027835	0.08378173	0.412	0.614	1
S1pr2	0.002131112	0.017751091	0.458	0.506	1
Cklf	0.002146438	-0.072019554	0.324	0.169	1
Dbndd2	0.002152009	-0.058134538	0.551	0.783	1
Pllp	0.002168311	-0.040943747	0.509	0.277	1
Tmem88	0.00228862	-0.008367156	0.426	0.627	1
Pla2g1b	0.00245639	-0.046447505	0.31	0.217	1
Slc43a3	0.002476965	0.028946033	0.472	0.627	1
Nasp	0.002494025	-0.058254085	0.324	0.181	1
Fam162a	0.002501186	-0.193160997	0.495	0.699	1
Tmem229b	0.002524818	0.161449256	0.384	0.566	1
Rbm27	0.002548393	-0.012453997	0.477	0.398	1
Bambi	0.002565439	0.096478871	0.25	0.41	1
Lgalsl	0.002583425	-0.30719548	0.324	0.229	1
Ado	0.002586043	-0.007088973	0.37	0.434	1
Kif11	0.002589984	0.01223795	0.287	0.024	1
Hdac1	0.002615453	-0.14792298	0.292	0.217	1
Il33	0.002665607	-0.065871644	0.329	0.241	1
Abca1	0.002671158	-0.043875505	0.431	0.265	1
Zfp37	0.002704872	0.1413309	0.556	0.47	1
LOC102550036	0.002753044	-0.038779583	0.463	0.313	1
Tomm40l	0.002774608	0.019252981	0.407	0.241	1
Slfn13	0.002782297	0.001193418	0.278	0.145	1
AABR07004269.3	0.0028438	0.008432439	0.356	0.217	1
Psmc3ip	0.002891423	-0.12134771	0.495	0.349	1
Cd83	0.002989649	0.054690228	0.509	0.398	1
Mmp14	0.002991329	0.00911813	0.5	0.651	1
Enc1	0.003012651	-0.102234043	0.458	0.325	1
Gamt	0.003023501	0.124659989	0.37	0.59	1
Ccl4	0.003031543	-0.210073548	0.352	0.12	1
Rab26	0.003045165	-0.0046603	0.278	0.072	1
Zbtb38	0.003107149	-0.05493964	0.421	0.289	1
Cnmd	0.003119503	0.010561809	0.361	0.506	1
Fgf2	0.003149253	-0.180131105	0.486	0.59	1
Uap1	0.003167966	-0.053389141	0.264	0.108	1
Cyba	0.003212965	-0.09615468	0.509	0.554	1
Nampt	0.003225752	-0.020651838	0.398	0.59	1
Chp2	0.00322798	0.178286243	0.301	0.157	1
Hbb	0.003347129	0.061413423	0.532	0.41	1
Dnmt1	0.003422613	-0.029824403	0.389	0.301	1
Tbc1d20	0.003430841	-0.010204211	0.454	0.59	1
Runx1	0.003523196	-0.311962397	0.407	0.277	1
Pdlim2	0.003553187	-0.009710011	0.259	0.181	1
Ccar2	0.003582342	0.013076547	0.31	0.205	1
Afap1	0.003597233	0.015451954	0.347	0.12	1
Stom	0.003633135	0.23127839	0.463	0.265	1
Wnt4	0.003692801	0.000824615	0.505	0.313	1
Ctxn2	0.003896277	-0.219572412	0.491	0.398	1
Snhg11	0.003925979	-0.410870396	0.426	0.651	1
AABR07072449.1	0.003958503	0.060291619	0.449	0.337	1
Fos	0.004009321	-1.251508344	0.481	0.819	1
RGD1309621	0.004013536	-0.137867951	0.431	0.313	1
Dgat1	0.004047157	0.063210847	0.38	0.59	1
Cldn3	0.004054419	-0.057834767	0.301	0.47	1
Pcdh17	0.00409701	0.007120987	0.477	0.361	1
Cadps2	0.004155754	-0.000458222	0.301	0.06	1
Gast	0.004196337	-0.000396516	0.389	0.133	1
Ezh2	0.004199922	-0.015698018	0.537	0.602	1
Tmem54	0.004530443	-0.043147336	0.296	0.157	1
Kif18a	0.004575615	-0.039667697	0.44	0.169	1
ENSRNOG00000034161	0.004607692	-0.064689012	0.722	0.735	1
Cd24	0.004664674	0.073632891	0.324	0.181	1
Plcb1	0.004869378	-0.113775997	0.361	0.253	1
Rin2	0.005118447	-0.020233041	0.468	0.325	1
Syt1	0.00512203	-0.550853222	0.537	0.663	1
Oplah	0.005189615	-0.005602334	0.412	0.518	1
Tmem140	0.005290831	-0.065313574	0.343	0.53	1
Gpm6b	0.005310856	-0.04444488	0.523	0.651	1
Zfhx3	0.005472313	0.020853103	0.528	0.446	1
Lmo7	0.005508396	0.033969851	0.486	0.241	1
Plekha4	0.005771233	-0.007359597	0.519	0.675	1
Mal	0.005828206	-0.030603443	0.431	0.482	1
Stmn4	0.005830682	-0.171910888	0.477	0.651	1
Fbxo2	0.005833422	-0.244589108	0.389	0.566	1
AABR07006860.1	0.005866695	0.165404551	0.417	0.265	1
Kntc1	0.00589478	0.03279801	0.361	0.277	1
Daglb	0.005971113	0.191253841	0.449	0.554	1
Taf2	0.006067798	-0.061093295	0.417	0.325	1
Mt3	0.006068746	0.328113264	0.949	0.976	1
Zfp24	0.006132263	-0.004853927	0.412	0.59	1
Zfp300	0.00638517	-0.016336757	0.417	0.145	1
Plxnd1	0.006454974	-0.095775144	0.495	0.602	1
Abraxas1	0.006512561	-0.016211886	0.458	0.205	1
Hexim1	0.006606629	-0.143917041	0.361	0.241	1
Flrt3	0.006679286	-0.366868953	0.264	0.205	1
Serpina11	0.006687402	0.219311102	0.454	0.711	1
Comp	0.006778342	-0.029719634	0.454	0.289	1
Rab37	0.00678345	0.047108667	0.255	0.434	1
Fosl1	0.006941765	-0.069536744	0.301	0.205	1
Cdkn2c	0.007002533	0.00950389	0.264	0.41	1
Atf4	0.007166972	0.103507298	0.454	0.747	1
Ano3	0.007242482	-0.217906681	0.361	0.53	1
Pafah1b3	0.007587822	0.149564987	0.329	0.554	1
S100a3	0.007643544	0.062308616	0.269	0.446	1
Lrrn4cl	0.007650394	-0.024800422	0.579	0.446	1
Ecm1	0.00783684	-0.07532723	0.38	0.506	1
Ckap2	0.008220228	0.01738791	0.306	0.458	1
Fermt2	0.008381392	0.101423422	0.398	0.301	1
Ier2	0.008442626	-0.131438437	0.306	0.253	1
Avil	0.008496939	0.097197684	0.398	0.578	1
Sp110	0.008537069	-0.299351853	0.431	0.313	1
Slc25a15	0.0086692	-0.067901403	0.343	0.096	1
Myl12a	0.008734632	0.039327688	0.426	0.614	1
Fgfr1	0.00919162	-0.075354518	0.403	0.157	1
AABR07019088.1	0.009395714	0.06500993	0.31	0.241	1
Fbll1	0.009750755	-0.037812577	0.324	0.47	1
Gadd45a	0.00983714	-0.246438502	0.375	0.602	1
Cxcl10	0.009839162	0.163871908	0.333	0.47	1
Junb	0.009841628	-0.442160344	0.227	0.47	1
Slc17a6	0.009942347	-0.046932139	0.264	0.494	1
Spats2l	0.010232422	-0.187173214	0.509	0.422	1
Grk4	0.010336491	-0.101967018	0.583	0.506	1
Cxcl16	0.010396556	-0.12387344	0.292	0.157	1
Slc25a4	0.010481598	0.247218524	0.949	1	1
Zfp36	0.010511829	-0.255707138	0.329	0.578	1
Cd9	0.010783359	-0.399423695	0.606	0.831	1
Pmp2	0.010968063	0.004227022	0.347	0.518	1
Agl	0.011098505	-0.104030387	0.324	0.217	1
Id4	0.011146633	-0.306119514	0.366	0.542	1
Casp3	0.011325886	-0.035600346	0.435	0.566	1
Adora1	0.011329299	-0.009881279	0.352	0.217	1
Exosc3	0.011329886	-0.096384476	0.463	0.325	1
Hspa5	0.011379631	-0.158266374	0.657	0.795	1
Nfkbie	0.011781176	-0.025671458	0.583	0.627	1
Ets1	0.011995893	-0.03843524	0.389	0.229	1
Hoxc9	0.012030773	0.137873499	0.356	0.241	1
Il15ra	0.012143562	0.000910829	0.519	0.373	1
Xk	0.012345278	0.028251134	0.389	0.325	1
Dhx57	0.01244599	0.173958271	0.319	0.434	1
Shisal1	0.012643916	-0.162413376	0.431	0.349	1
Spock2	0.012678301	0.212518013	0.25	0.108	1
Mmrn2	0.012853244	-0.019691698	0.417	0.205	1
RGD1564664	0.01302749	-0.384005242	0.352	0.566	1
Lmna	0.013278972	-0.139880772	0.486	0.639	1
LOC691995	0.013320033	0.033245888	0.5	0.759	1
Cd74	0.014088251	-0.075092008	0.25	0.036	1
Rgcc	0.014399456	0.084578177	0.407	0.506	1
Hoxd10	0.01456815	-0.002063668	0.306	0.12	1
Ngfr	0.014827859	0.091488449	0.477	0.699	1
Xrn2	0.014951783	-0.027916251	0.384	0.289	1
Chrne	0.015337757	0.104338102	0.519	0.398	1
Cxcl9	0.015570552	-0.013431457	0.426	0.506	1
Npc2	0.015775083	-0.120728562	0.5	0.687	1
Afg3l1	0.015776836	0.002840722	0.472	0.578	1
Rgs16	0.016009165	0.022616872	0.468	0.217	1
Ypel1	0.016013321	-0.096776315	0.296	0.157	1
Sacs	0.016095728	-0.102005504	0.352	0.47	1
Pianp	0.016112247	0.027832367	0.269	0.422	1
LOC102552182	0.016151735	0.00767287	0.315	0.229	1
Oasl2	0.016231384	-0.024185877	0.468	0.602	1
Ctps1	0.016253897	-0.03803271	0.292	0.193	1
Trim21	0.016299588	-0.014496231	0.333	0.229	1
Yars2	0.016559347	0.002442828	0.394	0.217	1
Glul	0.016745245	0.048944956	0.259	0.41	1
Lime1	0.016845713	-0.000486707	0.264	0.036	1
Fibin	0.016885115	-0.454661402	0.384	0.554	1
Flt1	0.017163543	0.00139799	0.269	0.06	1
Ddah1	0.017670684	-0.019834341	0.273	0.446	1
Dtwd1	0.018398496	0.183711778	0.495	0.422	1
Dip2c	0.018865636	-0.102382151	0.292	0.193	1
Nr4a2	0.018911984	0.0021106	0.31	0.157	1
Ugt8	0.019191363	-0.000316813	0.366	0.108	1
Gfra3	0.019193176	-0.176369024	0.546	0.735	1
Crabp1	0.019238287	1.032892028	0.796	0.627	1
Cd274	0.01938357	-0.278133402	0.306	0.506	1
Bex2	0.019575032	-0.181816041	0.727	0.855	1
Palmd	0.019600245	0.432687457	0.449	0.627	1
Gria4	0.019844662	0.041019024	0.463	0.506	1
Creg1	0.019965337	-0.074606661	0.491	0.663	1
Slc9a3r2	0.019986467	0.135686118	0.407	0.325	1
Zfp105	0.020060915	-0.14104762	0.481	0.422	1
Cyb5r1	0.020092483	-0.199347822	0.583	0.807	1
Cav1	0.020268897	-0.043134353	0.213	0.265	1
Rgl1	0.020418945	0.011612194	0.472	0.277	1
Hspe1	0.020742838	0.204065624	0.486	0.735	1
Bpgm	0.020879639	0.158827289	0.301	0.482	1
Gstm1	0.021078536	0.163466018	0.449	0.711	1
Rgs4	0.021178005	-0.162332829	0.657	0.843	1
Ndn	0.021278392	-0.041781386	0.634	0.855	1
Man2a1	0.02158617	-0.039642262	0.546	0.494	1
Susd2	0.021628444	-0.115086654	0.532	0.747	1
Dek	0.021650523	-0.032898442	0.296	0.241	1
Vcam1	0.021776808	-0.008113644	0.472	0.446	1
Kcna2	0.022098964	-0.020107591	0.324	0.229	1
C1qb	0.022463286	0.010591369	0.495	0.253	1
Col5a3	0.022880088	-0.269732099	0.361	0.578	1
Tmem45b	0.023191876	-0.124809067	0.421	0.349	1
Filip1	0.023556162	-0.639768483	0.287	0.253	1
Ccnd1	0.023742061	0.062931605	0.25	0.024	1
Gpcpd1	0.023909661	-0.12630312	0.282	0.169	1
Abca8	0.024260247	0.00137409	0.491	0.265	1
Rprd1a	0.024391236	0.051981581	0.352	0.289	1
Aif1l	0.02460351	-0.095987424	0.356	0.157	1
Nefm	0.025136165	0.289477874	0.921	0.988	1
Crtac1	0.025224446	-0.02813003	0.347	0.506	1
Pik3r4	0.025260284	-0.087443629	0.477	0.518	1
Tbc1d1	0.025317365	0.009218515	0.491	0.53	1
Abcg3l3	0.025578783	-0.129181961	0.509	0.578	1
Pxdc1	0.025615955	0.006035829	0.25	0.036	1
Sbsn	0.025956714	0.162746501	0.329	0.386	1
Arid5a	0.026021205	-0.012198784	0.468	0.241	1
Gas7	0.026234378	0.050506463	0.444	0.361	1
Ywhah	0.02647254	-0.22962463	0.796	0.964	1
Hist1h2an	0.026543862	-0.03498499	0.329	0.217	1
Slc18a2	0.026615927	0.080905762	0.366	0.241	1
Cd320	0.026761857	-0.151153957	0.468	0.446	1
Nedd9	0.026763055	0.130834941	0.412	0.325	1
Hsbp1l1	0.027024685	0.105335136	0.481	0.398	1
Gabrg1	0.027186368	-0.13430498	0.481	0.446	1
Tsc22d1	0.028022265	-0.162223624	0.333	0.506	1
Neurl4	0.028154803	-0.009346733	0.356	0.47	1
Adgrg2	0.028719628	-0.081377465	0.44	0.217	1
Mitd1	0.029033096	-0.041460058	0.375	0.518	1
Cebpb	0.029163534	-0.071975795	0.435	0.313	1
Ifrd1	0.029258752	-0.172502684	0.472	0.398	1
Myh11	0.029579332	0.074189391	0.361	0.145	1
Ada	0.02996489	-0.198856439	0.287	0.169	1
Pygl	0.030605923	0.000249735	0.477	0.41	1
Mdh1	0.030722655	-0.2387146	0.56	0.675	1
Ppp1r14c	0.031050338	-0.02449657	0.454	0.289	1
Hoxb5	0.031258186	0.01860968	0.301	0.398	1
Nme5	0.031262162	-0.014447583	0.454	0.325	1
Dcxr	0.031681845	-0.080565759	0.509	0.446	1
Map3k2	0.032104762	0.074872902	0.491	0.434	1
Mgll	0.032347564	-0.135124064	0.324	0.289	1
S100b	0.032928793	-0.142895994	0.519	0.711	1
Tfpi	0.032940895	-0.152714856	0.273	0.47	1
Slco1a4	0.033137647	0.049652536	0.407	0.482	1
Lonrf2	0.033366217	-0.139435411	0.37	0.482	1
Ifitm2	0.033446761	0.061068232	0.523	0.699	1
Actr5	0.0338321	-0.029741233	0.394	0.169	1
Klf6	0.034427456	-0.141550005	0.426	0.687	1
Mxi1	0.034588051	0.185971354	0.384	0.446	1
Fiz1	0.034623205	-0.00247258	0.347	0.41	1
Sectm1b	0.035001447	-0.098476181	0.352	0.157	1
Trim59	0.035404975	-0.045870842	0.269	0.108	1
Gpr22	0.036404359	-0.070388558	0.37	0.301	1
Nkain4	0.036448225	0.085967412	0.398	0.157	1
ENSRNOG00000032605	0.036541643	0.417927993	0.602	0.614	1
Scn1b	0.036680052	0.257610431	0.343	0.494	1
S100a4	0.036683542	-0.041895432	0.537	0.494	1
Faim2	0.036863914	-0.125512597	0.579	0.723	1
S100a8	0.037085952	0.003794328	0.495	0.59	1
Plekha8	0.037087459	-0.059040861	0.477	0.373	1
Epha5	0.037143374	-0.474880247	0.574	0.458	1
Zcchc11	0.037265564	-0.219177338	0.477	0.458	1
Tf	0.037374644	-0.038531395	0.278	0.41	1
Txnrd1	0.037554829	-0.373506131	0.398	0.554	1
Eif2ak2	0.037647234	-0.004702369	0.25	0.181	1
Unc13c	0.038071768	-0.14681003	0.273	0.193	1
Arhgdib	0.038798773	0.115190475	0.458	0.325	1
Polr3f	0.038798891	0.01410521	0.366	0.47	1
Galnt3	0.039105576	-0.044707923	0.361	0.41	1
LOC102548682	0.03943333	0.046588501	0.347	0.205	1
Noct	0.039903445	-0.067387668	0.491	0.277	1
Dhfr	0.040291109	-0.152138363	0.329	0.241	1
Shprh	0.040619345	0.139759742	0.273	0.229	1
Ahsp	0.041167611	-0.097878138	0.255	0.205	1
Coq10b	0.041401513	-0.016959373	0.213	0.337	1
Mns1	0.041478829	-0.100862094	0.495	0.398	1
Clic3	0.042003758	0.462831632	0.389	0.349	1
Hba-a2	0.042562554	-0.084493095	0.431	0.361	1
Pde2a	0.042790575	0.026767097	0.542	0.434	1
Gpx3	0.042837782	-0.167849044	0.588	0.53	1
Gpr137	0.043421406	0.189011586	0.333	0.241	1
RGD1563056	0.04343325	-0.064605216	0.259	0.048	1
LOC108351137	0.044077659	0.368529257	0.884	1	1
Tfpi2	0.044160187	0.051441677	0.38	0.253	1
Trappc3l	0.044467306	0.102779717	0.278	0.181	1
Lrrtm2	0.044629848	-0.026986643	0.25	0.181	1
Gsta4	0.045031267	-0.181457178	0.167	0.301	1
Hmgn3	0.04552393	-0.18793731	0.31	0.446	1
Svil	0.045625451	0.027944193	0.306	0.217	1
Timp4	0.045634817	-0.024430861	0.449	0.313	1
Bdnf	0.045917009	-0.482804053	0.62	0.783	1
Negr1	0.047696075	-0.114123235	0.546	0.627	1
Slain1	0.047761452	-0.01633476	0.394	0.337	1
Scn9a	0.047768847	-0.207641079	0.62	0.735	1
Brwd3	0.0477982	0.068313729	0.259	0.012	1
Arl4a	0.047884271	-0.575103591	0.583	0.699	1
Cdkn1a	0.047972457	0.021902806	0.421	0.542	1
Ifi27	0.048727644	0.380631702	0.958	1	1
Ubc	0.049171222	-0.155005471	0.606	0.783	1
LOC102556347	0.049212694	-0.058558724	0.509	0.699	1
Syt2	0.049372318	-0.119962238	0.31	0.241	1
Dbi	0.049383743	-0.073245245	0.523	0.699	1
Plcl2	0.049757899	-0.047533153	0.361	0.289	1
Fxyd5	0.049773072	0.011528225	0.528	0.602	1
Nrsn1	0.050150649	0.00156404	0.523	0.422	1
Dusp1	0.050644515	0.031207637	0.255	0.169	1
LOC103690028	0.0511886	-0.042860379	0.296	0.386	1
Rps6kc1	0.051352949	0.027483233	0.477	0.627	1
Hmmr	0.052227231	0.141268948	0.398	0.325	1
Atad2	0.052274985	0.025986704	0.481	0.578	1
Plxnc1	0.052320364	0.022805552	0.329	0.277	1
Marcks	0.052352633	-0.135098458	0.44	0.59	1
Ahnak	0.052424336	-0.247077844	0.523	0.675	1
Cdh19	0.052440987	0.059106262	0.366	0.133	1
Whrn	0.053248027	0.256692321	0.324	0.422	1
Phgdh	0.055165613	-0.132116317	0.375	0.446	1
Idh2	0.055438938	0.081098984	0.463	0.349	1
Ccl27	0.056013841	-0.089575445	0.315	0.229	1
Dad1	0.056845125	0.001388918	0.644	0.807	1
Oxsm	0.056919605	-0.096521187	0.319	0.241	1
Prmt9	0.057392656	0.007341264	0.273	0.12	1
B3gat2	0.057796851	0.025046126	0.472	0.663	1
Lrrfip1	0.05831075	-0.037917552	0.431	0.566	1
Col28a1	0.058762293	0.04093344	0.463	0.325	1
Galns	0.059080668	-0.134186399	0.551	0.59	1
Fyb1	0.059149807	-0.024572224	0.444	0.398	1
Cdkl1	0.059267117	-0.285234781	0.269	0.193	1
LOC108348108	0.060084033	0.151962822	0.282	0.422	1
Celsr2	0.060416194	-0.046122486	0.338	0.373	1
Sncaip	0.061641288	-0.085768831	0.537	0.422	1
Rtp4	0.061711569	0.304359614	0.519	0.41	1
Tnfrsf12a	0.061771184	0.073804128	0.444	0.554	1
Scn3b	0.062209651	-0.126558294	0.407	0.361	1
Cd48	0.063175038	-0.038190371	0.495	0.627	1
Sod2	0.063602345	-0.097456518	0.458	0.651	1
RGD1566099	0.064027224	-0.086972066	0.264	0.181	1
Epb41l2	0.064299411	0.068821874	0.296	0.229	1
Limd2	0.064609928	-0.021710976	0.426	0.349	1
Scg5	0.064796812	-0.165540226	0.481	0.639	1
Rhob	0.065745808	-0.031382051	0.269	0.41	1
Irgm	0.066611397	0.038029879	0.282	0.169	1
Tesk2	0.066850856	0.007263115	0.403	0.193	1
Ccdc141	0.066964403	-0.056243346	0.218	0.277	1
Cacna2d1	0.067568878	-0.305890703	0.625	0.675	1
Map2	0.068006218	-0.259127607	0.407	0.566	1
Anxa1	0.068651857	0.234419633	0.296	0.241	1
Atf6	0.070025546	-0.034025278	0.301	0.398	1
Clu	0.070350855	0.358947683	0.954	0.988	1
AABR07060487.1	0.070384209	-0.197253049	0.486	0.47	1
Adcy3	0.070976992	0.051695473	0.269	0.398	1
Crem	0.071288936	-0.043743229	0.255	0.373	1
Rbfox3	0.071354513	-0.080466391	0.361	0.542	1
Vwa1	0.071386344	-0.058551176	0.37	0.373	1
Chac1	0.071621223	-0.072133743	0.421	0.325	1
Serpine1	0.071735772	-0.047791351	0.31	0.108	1
Epc1	0.072630595	0.272134403	0.315	0.217	1
Tmem62	0.073653409	0.187822997	0.468	0.386	1
Jund	0.074804284	-0.223623533	0.389	0.542	1
Sgo1	0.074812746	0.00295762	0.463	0.289	1
Gpatch4	0.075014366	-0.100345894	0.412	0.398	1
Fam13c	0.075399533	-0.00208295	0.431	0.337	1
Hist1h1e	0.075487663	0.352342322	0.347	0.446	1
Mrgprx3	0.075565232	-0.243602703	0.37	0.277	1
Camk2a	0.075768209	-0.306740942	0.523	0.446	1
Calml4	0.076543413	0.311465787	0.333	0.277	1
Prpf40b	0.077493535	-0.198415733	0.532	0.458	1
Tyk2	0.078262908	-0.000861108	0.264	0.072	1
C1qtnf1	0.079160021	0.105873121	0.412	0.373	1
Stat3	0.079180981	-0.03292604	0.579	0.735	1
Cpne8	0.080190999	-0.253192976	0.347	0.313	1
Dusp26	0.08033921	-0.100928025	0.606	0.723	1
Nos3	0.08105835	0.014544613	0.282	0.084	1
Cd84	0.08108058	0.060018476	0.449	0.53	1
Cryab	0.08213413	0.088231566	0.306	0.193	1
Cplx2	0.083026578	0.001361009	0.491	0.602	1
Stmn1	0.083119412	-0.068177615	0.745	0.867	1
Cdca8	0.083238313	0.16589471	0.37	0.265	1
Cplx1	0.083297842	-0.144488355	0.352	0.277	1
Tfr2	0.08356907	-0.00268052	0.292	0.084	1
Kctd14	0.085425094	-0.0926974	0.431	0.482	1
Mtmr2	0.085756118	-0.082828001	0.389	0.325	1
Sat1	0.086103561	-0.153139239	0.296	0.253	1
Sdc4	0.086142186	0.248282009	0.444	0.41	1
Esco2	0.086789614	-0.013774692	0.333	0.301	1
Cep57l1	0.086844524	0.246110221	0.37	0.446	1
Hspa12a	0.086876205	-0.158922027	0.528	0.699	1
Ppp2r2c	0.088485555	-0.026023487	0.319	0.229	1
Atp1a2	0.089043702	-0.056632273	0.519	0.554	1
Rbbp6	0.090340519	-0.387502946	0.343	0.47	1
Cald1	0.090493656	0.144845366	0.491	0.482	1
Abcg2	0.090777539	0.028468202	0.347	0.108	1
Rnf168	0.091229729	0.025772541	0.366	0.518	1
Ahdc1	0.094179302	-0.041153685	0.444	0.386	1
Micu3	0.096026685	0.087110576	0.472	0.386	1
Ttc30b	0.096785146	-0.144128961	0.468	0.53	1
Sec14l1	0.096851211	-0.024362872	0.403	0.349	1
Chrna3	0.097165396	0.063966627	0.31	0.229	1
Oas1b	0.097511911	-0.086189887	0.319	0.157	1
Ina	0.097592582	-0.011603173	0.565	0.542	1
Ezr	0.09790114	0.053172609	0.282	0.253	1
Hebp2	0.098050258	0.090206248	0.481	0.422	1
Dync1i1	0.09844536	-0.187250389	0.426	0.578	1
Dclre1a	0.099192689	-0.131568503	0.273	0.422	1
Fam83h	0.099746993	0.000409947	0.259	0.06	1
Dbf4	0.100185973	-0.023434141	0.384	0.205	1
Chrm2	0.100534459	0.145291632	0.366	0.349	1
Fxyd6	0.102351065	-0.064280153	0.319	0.096	1
Jag1	0.103253247	0.061691956	0.37	0.289	1
Sema4f	0.103502165	-0.042069156	0.458	0.542	1
Ntrk2	0.104230316	0.196867578	0.398	0.325	1
Fbrsl1	0.105951144	-0.004540841	0.435	0.386	1
Gsdma	0.106127078	-0.115402109	0.602	0.614	1
Tmem233	0.106320191	-0.092096238	0.278	0.253	1
Elovl2	0.10703964	0.128440824	0.458	0.458	1
Nap1l5	0.107229838	0.187135609	0.676	0.831	1
Bcam	0.107858956	-0.064642961	0.347	0.301	1
Aak1	0.108043559	0.179753081	0.384	0.325	1
Kcnip1	0.108716279	-0.111033414	0.347	0.434	1
Ttll7	0.110032604	0.240100205	0.676	0.867	1
Akap1	0.110655294	0.013197362	0.398	0.518	1
Cited2	0.110970695	-0.225689138	0.352	0.265	1
Kit	0.111021	-0.106218944	0.495	0.446	1
Cdc42ep5	0.111096561	0.003419012	0.519	0.59	1
Bcl11a	0.111443866	0.113695968	0.519	0.482	1
Isl1	0.111654114	0.286563106	0.269	0.217	1
Uap1l1	0.112489521	0.499601596	0.449	0.325	1
Taf4b	0.112822461	0.022807601	0.398	0.554	1
Stk32a	0.113539549	0.234340329	0.505	0.349	1
Tm4sf1	0.113707634	0.057346499	0.315	0.434	1
Nuak1	0.113899388	-0.006146405	0.287	0.325	1
Tmod2	0.113911966	0.018971607	0.38	0.554	1
Smarca5	0.114070824	0.230997185	0.532	0.723	1
Col4a1	0.11449476	0.036684129	0.444	0.494	1
Tom1l1	0.115377585	-0.04515783	0.426	0.554	1
Idi1	0.115745579	0.0636922	0.551	0.711	1
Fbln2	0.117486747	-0.048930132	0.343	0.108	1
Bnip2	0.11859824	-0.025735789	0.463	0.602	1
Btbd3	0.119100927	-0.110941305	0.435	0.602	1
Rhoc	0.11917966	0.167472367	0.292	0.289	1
Atp1a1	0.120028989	0.081438749	0.676	0.904	1
Camk2b	0.120175423	-0.261373679	0.463	0.614	1
Mdk	0.121251143	-0.039877041	0.407	0.566	1
Zfp260	0.121610161	0.001353704	0.417	0.205	1
Rft1	0.122575581	0.040556829	0.44	0.265	1
Tob1	0.122782989	-0.100516106	0.269	0.229	1
Tjp1	0.123560881	0.020509695	0.389	0.373	1
Ankrd33b	0.124225766	-0.112137773	0.199	0.301	1
AABR07036331.2	0.124741421	-0.014120606	0.593	0.614	1
Cttnbp2nl	0.125402635	-0.139654656	0.523	0.422	1
Scg3	0.1257292	0.038719162	0.667	0.867	1
Id1	0.126493862	0.081914581	0.273	0.205	1
Grik5	0.127029808	0.132033085	0.556	0.59	1
Olfm1	0.127496118	0.22133002	0.583	0.723	1
Drgx	0.127579468	-0.283823884	0.519	0.627	1
Gja4	0.127637734	-0.014469212	0.315	0.096	1
Sqle	0.12789518	0.167218041	0.639	0.783	1
Ddit3	0.128153852	0.309421608	0.468	0.446	1
Tst	0.128512849	0.029104573	0.491	0.554	1
Ppfibp2	0.129543108	0.074503286	0.273	0.217	1
Slc39a8	0.131630214	-0.001588255	0.296	0.277	1
Zrsr1	0.131641728	-0.191071679	0.375	0.506	1
Icam1	0.131820545	0.00940065	0.37	0.386	1
RF00001	0.133035195	0.044031733	0.421	0.506	1
Ccdc138	0.133672832	-0.003303041	0.486	0.325	1
Tmem59l	0.134366675	-0.04908901	0.458	0.59	1
Tmem63c	0.134397686	0.150386084	0.551	0.566	1
Ackr3	0.134653499	0.01082463	0.338	0.169	1
Calcb	0.135398777	0.250284072	0.917	0.988	1
Itm2b	0.135438683	0.07393453	0.806	0.94	1
Lcp1	0.136373978	0.093567326	0.417	0.373	1
Pdpn	0.136812469	0.109972142	0.472	0.578	1
Ecel1	0.13725787	-0.176166646	0.477	0.47	1
Ramp3	0.137272831	-0.141876754	0.486	0.422	1
Socs2	0.137452871	-0.120207879	0.25	0.229	1
Cyp2d4	0.137644959	0.232528788	0.495	0.482	1
Rnd1	0.137913636	-0.044420782	0.532	0.506	1
ENSRNOG00000055947	0.142447468	-0.044589352	0.417	0.458	1
Ap1g2	0.142657621	0.000801693	0.273	0.06	1
Kifap3	0.143555556	0.121529461	0.731	0.88	1
Gng2	0.143877412	0.006530646	0.593	0.663	1
Dner	0.145150958	-0.019631549	0.352	0.53	1
Cib2	0.145488141	0.147619466	0.588	0.723	1
Npy5r	0.146415524	-0.171718719	0.542	0.518	1
Calca	0.147159403	0.134098237	1	1	1
Tubb2b	0.148221022	0.02874562	0.611	0.783	1
Tdh	0.150978537	-0.186928383	0.37	0.313	1
Map1b	0.151098457	0.201220985	0.907	0.976	1
Klhdc8b	0.151360743	-0.114547939	0.556	0.639	1
Snorc	0.153883469	0.4728346	0.407	0.53	1
Akap2	0.159306218	-0.082122376	0.495	0.47	1
Wls	0.161245344	0.050001956	0.44	0.566	1
Nefh	0.161486455	0.199213383	0.505	0.482	1
Adcyap1	0.161489669	0.21082762	0.764	0.867	1
Slfn4	0.161688649	-0.004882547	0.468	0.277	1
Susd6	0.162010816	-0.043393842	0.519	0.458	1
AABR07047872.1	0.162199427	0.011925863	0.38	0.337	1
Zfp287	0.163189031	-0.004556485	0.352	0.434	1
Pmepa1	0.163579786	-0.022497172	0.565	0.663	1
ENSRNOG00000047321	0.165750074	0.082249779	0.519	0.554	1
Sostdc1	0.166599747	0.038902283	0.44	0.265	1
AABR07016934.1	0.166720347	-0.103944941	0.583	0.639	1
Btc	0.167320545	-0.006528573	0.264	0.229	1
Elavl4	0.167614734	-0.021495881	0.569	0.699	1
Aqp1	0.169690939	0.21073941	0.477	0.542	1
Ncoa7	0.170132306	-0.143214246	0.63	0.747	1
Calb1	0.170470982	-0.139177568	0.556	0.458	1
Insig1	0.17108489	0.112382272	0.343	0.482	1
Serpinb1a	0.171401699	0.139001515	0.611	0.494	1
Kcnv1	0.173535806	-0.027185614	0.199	0.289	1
Rtn2	0.173920112	0.145368755	0.329	0.265	1
Fxyd2	0.174883775	0.14021537	0.782	0.952	1
Ptpn13	0.175006808	-0.00915808	0.509	0.446	1
Slit3	0.175115597	-0.000874818	0.384	0.446	1
Adk	0.176160073	0.077221932	0.361	0.337	1
Smc4	0.176346826	-0.257310888	0.37	0.301	1
LOC103694872	0.179185417	0.409505202	0.616	0.831	1
Zeb2	0.18064527	-0.353723618	0.519	0.53	1
Ebf1	0.182266987	0.020058831	0.644	0.711	1
Tfeb	0.182713653	0.002159949	0.431	0.373	1
Mmd2	0.184444421	0.078958568	0.542	0.639	1
Tubb2a	0.184914003	0.041780633	0.759	0.892	1
Zbtb47	0.185016785	0.02866366	0.528	0.434	1
Zwint	0.187772609	0.038440132	0.653	0.855	1
Hmgcs1	0.189552341	-0.091763263	0.454	0.614	1
Ube2d1	0.190070736	0.007762596	0.542	0.675	1
RGD1312005	0.1904308	-0.445235839	0.449	0.41	1
Bcat1	0.19228434	-0.065534816	0.523	0.675	1
Slc3a2	0.193542345	-0.283717874	0.412	0.398	1
Hnrnpa2b1	0.194350862	0.06053605	0.685	0.855	1
Tlcd1	0.198399439	0.048871877	0.458	0.639	1
Crip1	0.198453948	-0.420363513	0.657	0.735	1
Tmem100	0.2004932	0.001416471	0.389	0.373	1
Ddit4l2	0.200939492	0.525601942	0.551	0.651	1
Col6a5	0.202072252	-0.134775875	0.412	0.349	1
Rtn1	0.20252816	-0.104244807	0.903	0.976	1
Ptprn	0.204183639	0.067930012	0.463	0.59	1
Alkal2	0.204568591	-0.131857774	0.301	0.301	1
Nmb	0.205115506	0.244325643	0.356	0.494	1
B3gnt2	0.206088815	0.010226348	0.5	0.446	1
Sbspon	0.206194816	0.004845427	0.472	0.337	1
Pcnx1	0.207094164	-0.046917928	0.477	0.482	1
Gmfg	0.207905142	-0.072918402	0.505	0.602	1
Glrx	0.207986524	0.026117623	0.264	0.205	1
Atp6v1g2	0.208126374	0.062006564	0.421	0.373	1
Plk2	0.208490889	0.052567633	0.343	0.301	1
Tmem138	0.209434293	0.045107663	0.412	0.542	1
Uck2	0.213405007	-0.021586547	0.403	0.398	1
Osgin1	0.213416881	-0.05086832	0.426	0.265	1
C1s	0.216166106	-0.004365378	0.458	0.265	1
Mturn	0.216940024	-0.049572798	0.315	0.313	1
Cpne6	0.21856187	0.103526177	0.333	0.434	1
Ak5	0.219135565	0.12965642	0.384	0.446	1
Pkib	0.220377716	-0.174398326	0.352	0.422	1
Cdkn3	0.221983084	0.034005991	0.338	0.398	1
Ampd3	0.223636642	0.184770486	0.412	0.386	1
Clcn5	0.223850541	-0.058564925	0.509	0.518	1
Abca8a	0.224085412	-0.134376725	0.324	0.289	1
AY172581.18	0.22431172	0.09204042	0.352	0.446	1
Stap2	0.225422207	-0.184013721	0.528	0.458	1
4-Sep	0.225517668	-0.119796127	0.435	0.578	1
Sh3bgrl3	0.226030669	0.251991176	0.981	1	1
LOC100910200	0.226060126	-0.162570998	0.532	0.675	1
Afdn	0.227260749	-0.030735414	0.514	0.47	1
Cd3eap	0.227308854	-0.106608351	0.454	0.59	1
Epb41l3	0.228457854	-0.094664088	0.644	0.783	1
Nov	0.228724866	0.0176373	0.486	0.458	1
Fdx1	0.230903015	0.058165174	0.343	0.313	1
Ifih1	0.233272035	0.073746321	0.523	0.494	1
Hopx	0.234275922	-0.249872842	0.352	0.325	1
Dync1i2	0.237204346	-0.088384067	0.87	0.988	1
Crabp2	0.23743148	0.141603209	0.449	0.458	1
Prrg2	0.238022232	-0.089397248	0.44	0.398	1
Bcl9l	0.239544496	-0.00171073	0.491	0.325	1
Ccdc173	0.239614339	-0.146710189	0.458	0.506	1
Slfn5	0.240127191	-0.047898487	0.384	0.253	1
Cdc42bpg	0.241127354	0.106609896	0.602	0.627	1
Mid1ip1	0.241190952	-0.217540199	0.537	0.446	1
Sac3d1	0.243261265	-0.028487812	0.361	0.337	1
Prpf8	0.243570858	0.097114615	0.458	0.41	1
Lyz2	0.243816296	-0.225592284	0.347	0.265	1
MGC105649	0.244835136	0.09925528	0.292	0.241	1
Wdr17	0.248727504	-0.023167819	0.505	0.518	1
Pcna	0.251034198	-0.0969619	0.338	0.458	1
Cebpd	0.251736262	0.206365515	0.287	0.41	1
Rspo2	0.251748571	-0.056966798	0.37	0.361	1
Plvap	0.252474713	0.020845383	0.481	0.325	1
L1cam	0.254192868	-0.155654118	0.366	0.373	1
Mpz	0.254901008	0.220522283	0.333	0.289	1
Thy1	0.256354518	0.397648015	0.606	0.747	1
Krba1	0.256473772	0.007821113	0.546	0.446	1
Xdh	0.25746781	-0.147228287	0.495	0.41	1
Cmpk2	0.258134783	0.036941844	0.269	0.337	1
Pex26	0.258453912	0.180521258	0.352	0.325	1
Cyp51	0.258823261	0.096341156	0.685	0.831	1
Scg2	0.259360989	0.112295238	0.792	0.904	1
Timp3	0.259728427	-0.009925226	0.333	0.265	1
Acot7	0.262061986	0.557849633	0.745	0.807	1
Txndc16	0.262981659	-0.015677224	0.389	0.47	1
Tmie	0.263291132	-0.119585353	0.273	0.217	1
Brd3	0.264947044	-0.035891491	0.352	0.337	1
Reg3a	0.26527559	-0.053988913	0.454	0.398	1
Ptpn2	0.265285266	0.126571461	0.546	0.506	1
Slit2	0.266534801	0.00404103	0.491	0.373	1
Rims1	0.273340674	0.216303288	0.444	0.53	1
Fkbp1b	0.274826363	0.25476229	0.912	1	1
Igfbp2	0.274925631	0.054492646	0.208	0.289	1
Myc	0.280508443	0.094282438	0.259	0.398	1
Col14a1	0.280692656	0.049698792	0.523	0.434	1
Ndst3	0.282397029	-0.004921214	0.486	0.349	1
Best1	0.282499915	0.263521606	0.574	0.675	1
Twf1	0.284604772	-0.147842101	0.338	0.434	1
Mtmr4	0.284733826	0.037908396	0.301	0.289	1
Cavin3	0.286541283	-0.084149111	0.352	0.446	1
Stmn3	0.287100089	0.276958983	0.903	0.976	1
Rbp4	0.287302875	0.213185024	0.37	0.458	1
Tuba1a	0.288564697	0.055298865	0.995	1	1
RF00030	0.289161695	0.005108526	0.343	0.181	1
Snap25	0.289605966	0.073284872	0.759	0.94	1
Cst3	0.290559527	0.025268354	0.838	0.976	1
Dmd	0.292095373	0.034177764	0.477	0.47	1
Map3k8	0.295895546	0.00977785	0.292	0.277	1
Tes	0.29606374	0.305414297	0.315	0.289	1
Psmb9	0.296463162	0.028726193	0.486	0.494	1
S100a13	0.297204051	0.249361489	0.384	0.542	1
Tyrp1	0.297358005	-0.079202807	0.514	0.602	1
Tlk1	0.29846924	-0.093175511	0.472	0.422	1
Ttc9b	0.299081331	0.489466324	0.579	0.566	1
Tmem164	0.299910467	-0.077194952	0.523	0.482	1
Gda	0.301037007	-0.153764331	0.519	0.554	1
Scd2	0.301059242	0.093276335	0.657	0.795	1
S100a9	0.303124969	0.014413775	0.449	0.41	1
Spp1	0.30314781	0.090590371	0.259	0.325	1
Vim	0.303661969	-0.154229637	0.505	0.602	1
Parp9	0.303856906	0.067362377	0.255	0.325	1
Acads	0.307837692	-0.040063281	0.389	0.482	1
Tmbim1	0.30817999	0.111878939	0.44	0.422	1
Fabp3	0.309483159	0.175706823	0.417	0.53	1
Reep1	0.312404429	0.18400238	0.625	0.723	1
Cdh1	0.314076629	0.020478323	0.486	0.542	1
Cox15	0.317057351	-0.029131862	0.495	0.482	1
Steap3	0.318288318	0.083023085	0.505	0.542	1
Chga	0.318621589	0.025862072	0.5	0.494	1
Mboat2	0.320356485	-0.017645388	0.361	0.337	1
Ifi47	0.320787528	0.015482284	0.421	0.313	1
Hsp90b1	0.325136461	0.200713443	0.681	0.831	1
Thbd	0.326810331	-0.019843942	0.495	0.506	1
Pcbd1	0.328646379	0.292228021	0.597	0.554	1
Cd302	0.33047135	0.143194814	0.505	0.41	1
Syn2	0.332840214	-0.083908434	0.528	0.602	1
Cx3cl1	0.333712641	5.09E-05	0.44	0.41	1
Lin7b	0.334700871	0.069227691	0.384	0.361	1
Top1	0.335088535	-0.171991369	0.301	0.325	1
Fbn1	0.335723122	-0.024043002	0.468	0.373	1
Gatb	0.336246131	-0.003933358	0.491	0.349	1
Lcn2	0.336982703	0.054204058	0.398	0.434	1
Ets2	0.337727906	-0.245806508	0.417	0.434	1
Eef1a2	0.337821819	0.123729638	0.528	0.614	1
Prph	0.338638265	-0.01312137	0.907	1	1
Zfp444	0.341350146	-0.017944308	0.204	0.337	1
Masp1	0.341437175	-0.060729054	0.403	0.446	1
LOC680045	0.341907683	-0.002703712	0.477	0.337	1
Trpm8	0.342374952	-0.047362545	0.458	0.494	1
Tra2b	0.343260384	-0.061913161	0.477	0.59	1
Naa60	0.344537771	0.210414117	0.366	0.301	1
Pnma8b	0.346779479	-0.072823922	0.407	0.386	1
Ccne2	0.349187464	-0.003912258	0.366	0.337	1
Lgals1	0.350870217	0.217580832	0.917	0.976	1
Lrrk1	0.352304792	-0.034932809	0.296	0.277	1
Pold4	0.354476412	0.448437599	0.435	0.41	1
Apoe	0.355177773	-0.250429039	0.625	0.687	1
RGD1560028	0.355428653	0.026036674	0.38	0.386	1
Nfkbia	0.357685214	-0.735876177	0.319	0.398	1
Leprot	0.358733985	-0.023543953	0.444	0.446	1
Trib3	0.359545352	0.012184924	0.338	0.337	1
Csrp1	0.360231927	-0.134183855	0.389	0.47	1
Tpm2	0.362163982	0.035171909	0.449	0.47	1
Ccl2	0.363055679	-0.293131448	0.569	0.663	1
RT1-CE10	0.365650938	-0.132316385	0.435	0.434	1
Fastkd1	0.365813814	0.013048235	0.565	0.59	1
Pcdh9	0.365886987	0.132025093	0.454	0.482	1
Ncdn	0.366644878	0.153419251	0.569	0.687	1
Kcnk2	0.368601625	-0.400101278	0.449	0.434	1
Lmo2	0.368879493	0.054064104	0.463	0.398	1
Polr3g	0.375458408	-0.352516469	0.551	0.578	1
Egr1	0.377892613	-0.095328525	0.398	0.506	1
Mt2A	0.380906684	-0.350869686	0.31	0.41	1
Mgst3	0.381115345	-0.102781483	0.519	0.614	1
Sparc	0.382684225	0.172894715	0.454	0.554	1
Ercc6	0.383825671	0.149851358	0.546	0.518	1
Ldb2	0.384172251	0.148644259	0.699	0.699	1
Ramp2	0.385046503	0.048834294	0.375	0.434	1
Bend6	0.38531927	0.033939558	0.407	0.361	1
Tdo2	0.386736696	-0.152685376	0.361	0.349	1
Gyg1	0.38675783	-0.195422575	0.38	0.482	1
Ftl1	0.387157068	0.393848982	0.597	0.723	1
Cxxc5	0.387372631	0.002397628	0.255	0.229	1
Cnn3	0.387593628	0.167176206	0.306	0.301	1
Emcn	0.395196143	0.013122633	0.574	0.542	1
Upf3b	0.396109434	0.175756481	0.366	0.386	1
Rit2	0.400595638	0.162456127	0.56	0.675	1
Cyyr1	0.401222301	0.004536629	0.519	0.506	1
Asic3	0.403751588	0.009254853	0.366	0.446	1
Ccdc28b	0.405375907	0.24908777	0.44	0.422	1
Slitrk2	0.405443399	0.064257158	0.519	0.47	1
Tpm1	0.406631367	0.270820168	0.569	0.663	1
Pstpip1	0.408029523	0.012978055	0.407	0.373	1
Caly	0.40957255	-0.000631338	0.394	0.506	1
Alox5ap	0.416033115	-0.006071018	0.495	0.422	1
Dda1	0.419377888	0.071365413	0.565	0.675	1
Plpp3	0.419796134	0.036874126	0.5	0.494	1
AY172581.2	0.421514244	-0.075817925	0.352	0.398	1
Rarres1	0.422707816	0.299322689	0.417	0.434	1
Plscr1	0.423145903	-0.004142532	0.454	0.361	1
Dnajb4	0.4242934	-0.137940018	0.366	0.482	1
Tesc	0.425669864	0.046033555	0.477	0.494	1
Tbc1d30	0.425669864	-0.041135617	0.56	0.627	1
Ddit4	0.426385881	-0.178386139	0.319	0.386	1
Misp3	0.427101667	-0.035269053	0.426	0.41	1
AY172581.9	0.427132609	-0.138212004	0.889	1	1
Ifitm1	0.428695971	-0.092584948	0.597	0.614	1
LOC498122	0.429007129	0.157921352	0.264	0.253	1
Paox	0.429007129	0.257933144	0.412	0.482	1
Zhx3	0.429241956	0.032342281	0.319	0.289	1
Cbfb	0.429942198	-0.02958037	0.204	0.277	1
Snca	0.431437953	0.127164244	0.5	0.53	1
Smagp	0.433272918	-0.007396386	0.444	0.349	1
Mt-nd5	0.434570269	-0.015777409	0.792	0.952	1
Angptl4	0.434852533	0.014800803	0.546	0.482	1
Zfp503	0.435674205	-0.037424595	0.407	0.386	1
Galnt14	0.436190755	0.062281991	0.505	0.566	1
Wdr20	0.436960144	0.347535229	0.569	0.53	1
Spc24	0.439154579	0.003621521	0.38	0.349	1
Fbxo30	0.439383706	-0.052783508	0.421	0.398	1
Lix1	0.440970895	0.079200854	0.523	0.518	1
Tmsb4x	0.442184223	0.06796144	0.991	1	1
Ahi1	0.444119477	-0.319403644	0.329	0.325	1
Vat1l	0.446523119	-0.098675954	0.389	0.47	1
LOC103689961	0.447370359	0.182686505	0.75	0.952	1
Eng	0.447708976	-0.001315258	0.514	0.47	1
Haus8	0.449197399	0.010387265	0.269	0.229	1
Plcxd3	0.449969122	-0.022211946	0.579	0.518	1
AABR07071661.1	0.452604964	-0.151591678	0.204	0.313	1
Tcf4	0.455323901	0.011744629	0.477	0.482	1
Tspan8	0.455685844	0.126866248	0.782	0.892	1
Kctd1	0.456611771	-0.130800676	0.412	0.458	1
Amigo2	0.456907207	-0.203062628	0.537	0.554	1
Dlgap5	0.457986846	0.028083103	0.407	0.325	1
Fam89a	0.460626931	-0.115813558	0.366	0.337	1
Bad	0.463919489	0.025693111	0.287	0.337	1
Trpv1	0.466788369	0.131608564	0.602	0.651	1
Fgf13	0.467840015	0.144915586	0.801	0.94	1
Rnf38	0.468391402	-0.0788617	0.542	0.446	1
Rsad2	0.468979542	-0.015162774	0.463	0.386	1
Gnas	0.470120099	-0.043005052	0.917	1	1
Eif4ebp1	0.472149739	-0.13916963	0.514	0.602	1
Asic1	0.474684642	-0.152255965	0.333	0.349	1
Clmp	0.474883559	-0.475565797	0.477	0.542	1
Selenom	0.475212904	0.18212159	0.523	0.614	1
Gulp1	0.475972437	-0.003982241	0.426	0.265	1
Cmip	0.476877111	-0.227596554	0.505	0.518	1
Ifi27l2b	0.478281147	0.153937737	0.81	0.904	1
Ppp1r1a	0.480952164	-0.373690134	0.394	0.398	1
Pcnt	0.482797688	-0.013686336	0.495	0.41	1
Uchl1	0.484485696	0.189842237	0.935	0.976	1
Reep5	0.492433069	-0.06118879	0.907	1	1
Slc29a1	0.496763417	0.030251894	0.458	0.566	1
Sys1	0.499034022	0.229374285	0.449	0.47	1
Ndufa4	0.499737675	0.119060194	0.838	0.964	1
Lxn	0.502176034	0.176426589	0.796	0.904	1
Tubb3	0.50618047	0.172518185	0.912	0.976	1
Ptgds	0.507193645	-0.114692212	0.551	0.566	1
Fbxo42	0.507500042	0.005133784	0.458	0.458	1
Gng3	0.507522258	0.195225615	0.884	0.976	1
RF00006	0.507990949	0.128938874	0.319	0.253	1
Patj	0.508482105	-0.166866872	0.356	0.313	1
Gap43	0.510664727	-0.074889375	0.833	0.952	1
Chd5	0.51071853	-0.213304498	0.588	0.699	1
Map3k10	0.510844216	-0.000541144	0.542	0.458	1
Cdh5	0.516119186	-0.010140879	0.384	0.386	1
Fstl1	0.519349836	-0.038086489	0.838	0.976	1
Tubb5	0.520834304	0.149211009	0.833	0.976	1
Ntrk1	0.522426221	0.047186195	0.491	0.59	1
Baz2b	0.526465712	0.005762222	0.56	0.602	1
Ulk2	0.52862241	0.236341902	0.259	0.181	1
Anxa5	0.528897719	0.189545767	0.894	0.988	1
Timp1	0.530732546	-0.462219405	0.366	0.458	1
Usp1	0.53164318	0.062288635	0.264	0.133	1
ENSRNOG00000025889	0.533998737	0.188142165	0.588	0.675	1
Ncam2	0.534008209	-0.169521013	0.556	0.651	1
Basp1	0.546027774	0.318900444	0.694	0.735	1
Sorcs2	0.547015746	-0.005383246	0.509	0.458	1
Fxyd7	0.550613759	-0.057743805	0.546	0.651	1
Gbp5	0.551063953	0.018813626	0.472	0.349	1
Nrxn2	0.554773485	-0.191442996	0.486	0.506	1
Taf1b	0.557511568	0.05706877	0.375	0.325	1
Trmt13	0.557587225	0.118115531	0.403	0.506	1
Fgf1	0.557935635	0.190445957	0.565	0.59	1
Emp1	0.561405316	0.147368667	0.338	0.373	1
Slc7a14	0.562480078	-0.271797736	0.426	0.434	1
Ccdc68	0.571779936	-0.020523789	0.519	0.578	1
Fth1	0.573850723	0.100937795	0.954	1	1
Map7d2	0.577327648	0.122625245	0.801	0.94	1
Samd9	0.579198681	-0.138053569	0.556	0.542	1
Atp1b1	0.579461635	-0.259259829	0.481	0.53	1
Pde1a	0.584234296	-0.340063114	0.56	0.675	1
P2rx3	0.592469961	0.293740581	0.444	0.518	1
Rab3a	0.596049409	0.188428068	0.671	0.783	1
Cxcl1	0.596990429	-0.131472096	0.537	0.651	1
Polk	0.598375945	0.046767199	0.398	0.41	1
Nfe2l2	0.600463633	0.076437171	0.347	0.434	1
Fam188a	0.60079488	-0.269609137	0.528	0.554	1
Rgs2	0.601280475	-0.133228052	0.306	0.349	1
Cpe	0.60273272	0.050530515	0.449	0.422	1
Dlg2	0.604496818	0.000879555	0.509	0.47	1
Mdm2	0.60520183	0.231467907	0.287	0.337	1
Fgf12	0.605777542	-0.073921003	0.319	0.373	1
Igfbp4	0.610142852	-0.102245204	0.481	0.41	1
Dleu7	0.611217648	0.028203482	0.519	0.506	1
Rbfox1	0.613601348	-0.121530431	0.394	0.518	1
Vopp1	0.613979844	-0.22071446	0.352	0.386	1
Gabrg2	0.614122438	0.036430188	0.343	0.422	1
Prdm8	0.616858395	0.032864484	0.343	0.325	1
Ppp2r3a	0.617590948	0.290363532	0.37	0.41	1
Fam76a	0.618477523	0.071777034	0.315	0.313	1
Top2a	0.618822067	-0.013783265	0.486	0.373	1
Mxd4	0.6194411	-0.132687962	0.407	0.494	1
Myl9	0.620233408	0.051112095	0.356	0.229	1
Samd15	0.620345943	-0.346866537	0.449	0.494	1
Kcnmb2	0.622245032	0.260974634	0.588	0.602	1
Chgb	0.623641371	0.085731299	0.472	0.458	1
Grxcr2	0.623832473	-0.07368031	0.514	0.554	1
Myo1b	0.624675258	0.013844435	0.394	0.458	1
Ypel3	0.626021929	0.248684542	0.653	0.735	1
Incenp	0.627337587	0.159701504	0.44	0.518	1
Meis1	0.628939114	0.027640285	0.315	0.265	1
Pdp2	0.630105157	-0.05626313	0.292	0.289	1
Gadd45g	0.630779564	-1.32570598	0.403	0.482	1
Tuba4a	0.634768527	0.575349236	0.597	0.651	1
Cd63	0.635523618	0.037056156	0.509	0.578	1
Cartpt	0.635555114	0.088388907	0.477	0.614	1
Nrn1	0.636084407	0.040333381	0.546	0.614	1
Rxfp1	0.6383433	-0.100692691	0.417	0.361	1
Ptprz1	0.63945094	-0.006876653	0.426	0.41	1
Ly6e	0.639711743	0.3587618	0.542	0.578	1
Hist2h2aa2	0.639951366	-0.156707031	0.412	0.446	1
Slc7a6os	0.644524886	-0.294292104	0.477	0.482	1
Hsph1	0.64746756	0.103484316	0.542	0.53	1
H3f3b	0.65310864	-0.219344403	0.546	0.639	1
Resp18	0.654382641	0.262388856	0.718	0.867	1
Egfl8	0.656769689	0.047710668	0.551	0.627	1
Btg2	0.657518497	-0.477691107	0.38	0.47	1
Cdh15	0.658432054	0.043445876	0.417	0.422	1
Hoxc8	0.661532888	0.024420494	0.38	0.398	1
Litaf	0.663757778	-0.101642551	0.556	0.542	1
S100a11	0.665651667	-0.006169689	0.824	0.964	1
Rsph9	0.66598164	0.074426665	0.431	0.277	1
Eef2k	0.668216445	-0.256268185	0.505	0.434	1
Jmjd1c	0.673468537	0.093288276	0.296	0.325	1
Tubb6	0.675364131	0.00260074	0.509	0.554	1
Myo10	0.67952424	0.004711404	0.366	0.265	1
Lgi4	0.683913301	0.038659996	0.449	0.386	1
Dgkz	0.697531086	-0.381510438	0.463	0.482	1
Cpne5	0.698819226	-0.258116704	0.44	0.494	1
Apoc1	0.701595298	-0.024444137	0.481	0.458	1
Igtp	0.704104139	0.083181151	0.398	0.422	1
Pi16	0.707013344	0.208021133	0.343	0.181	1
Epas1	0.707864218	0.016932101	0.523	0.422	1
Stmn2	0.710499651	0.017085854	0.995	1	1
Tmem47	0.712274822	-0.033883607	0.264	0.301	1
Pcdh19	0.713280064	-0.069497995	0.44	0.349	1
Scn1a	0.714569556	0.066245941	0.403	0.422	1
Mlf1	0.715719638	0.046962449	0.338	0.373	1
Frmd6	0.716823184	-0.128875757	0.556	0.651	1
Nfil3	0.717006787	-0.236736354	0.481	0.578	1
AABR07054716.1	0.717246542	0.127037089	0.463	0.518	1
Bcr	0.718578061	-0.114901172	0.259	0.289	1
Tmem130	0.719788277	0.190947451	0.769	0.867	1
Atf3	0.720454816	-0.881180687	0.44	0.542	1
Pard3b	0.721371631	-0.018578296	0.343	0.289	1
Dusp6	0.721828465	0.003468062	0.384	0.422	1
Acy3	0.723361627	0.028037391	0.481	0.506	1
Tppp3	0.723620998	0.233456776	0.81	0.952	1
Gsta1	0.723744778	0.065468838	0.421	0.446	1
Adamts1	0.724894508	0.077098113	0.412	0.422	1
Pip5k1b	0.725235659	-0.281491016	0.292	0.301	1
Lrfn3	0.729336274	0.021493224	0.463	0.337	1
ENSRNOG00000030871	0.729499614	-0.004217054	0.611	0.675	1
Nktr	0.732928595	-0.065657097	0.375	0.422	1
Ank2	0.733244987	0.282996754	0.694	0.735	1
Tceanc2	0.733678891	-0.222952077	0.486	0.566	1
Slc16a2	0.735985492	-0.119631044	0.25	0.325	1
Cav2	0.736218433	0.014352426	0.481	0.398	1
Rgs10	0.73647944	0.105290373	0.569	0.59	1
LOC100912564	0.73739596	0.066246734	0.421	0.398	1
Sspn	0.738739007	0.069740664	0.324	0.325	1
Hes1	0.740428303	0.032453561	0.278	0.325	1
Btg1	0.750481883	-0.245999903	0.269	0.277	1
Ppp3ca	0.751750734	0.065388673	0.56	0.639	1
Kif5a	0.752228618	0.281747536	0.727	0.771	1
Rassf4	0.753010443	0.146470748	0.435	0.494	1
Alg8	0.754278768	0.075916621	0.528	0.53	1
Mgst1	0.757330185	-0.176035697	0.315	0.337	1
Klc1	0.759349841	0.1633076	0.87	0.988	1
Mdfic	0.76396781	0.022915951	0.472	0.434	1
Isg15	0.765673106	0.064697477	0.542	0.663	1
Ecscr	0.766171018	-0.075414122	0.435	0.422	1
Lamp5	0.766868108	-0.405719584	0.597	0.542	1
Cpq	0.767271707	0.247435531	0.37	0.458	1
Mphosph9	0.767328984	0.011934697	0.287	0.157	1
Nefl	0.776526965	0.299232585	0.745	0.928	1
Npy1r	0.777777808	-0.027829455	0.653	0.687	1
Gria2	0.779017953	-0.147921489	0.333	0.398	1
Lmo4	0.779745008	0.016827341	0.375	0.458	1
Igfbp7	0.781944178	0.277945153	0.366	0.398	1
Aldoc	0.782244537	-0.205702447	0.398	0.458	1
Tspo	0.783121957	-0.020146152	0.338	0.313	1
Rarres2	0.783148997	-0.066085967	0.296	0.301	1
Rnf144a	0.789143536	-0.018918121	0.356	0.422	1
Hspb1	0.789581245	-0.002979485	0.722	0.843	1
Msmo1	0.789890893	-0.201203732	0.435	0.446	1
Slc1a1	0.797398281	0.076220529	0.426	0.373	1
Cdo1	0.798254288	0.053386626	0.301	0.217	1
Nanos3	0.798423182	0.088184852	0.588	0.554	1
Ccdc172	0.798619628	-0.00264321	0.454	0.47	1
Zcchc12	0.799029365	0.020837533	0.463	0.53	1
Calm1	0.802436436	-0.002280415	1	1	1
Ppp1r42	0.805591288	0.0697393	0.389	0.446	1
Gnao1	0.809570598	0.21814114	0.713	0.747	1
Ivns1abp	0.812727458	0.608993634	0.398	0.458	1
Prdx6	0.812749681	-0.150624754	0.449	0.53	1
Syngr3	0.812751837	0.167525963	0.514	0.59	1
Erf	0.814209425	-0.013438726	0.361	0.241	1
Tysnd1	0.817084799	0.04528308	0.468	0.506	1
Sfrp5	0.818650856	-0.14901078	0.366	0.349	1
AABR07052486.1	0.82109431	-0.190020261	0.542	0.446	1
Abcb1b	0.822027519	-0.041303567	0.435	0.482	1
Ppm1f	0.82278445	-0.002790835	0.463	0.337	1
Irf1	0.824159848	-0.034989559	0.491	0.566	1
Map1a	0.824888228	0.297504222	0.731	0.831	1
Dsel	0.826696254	-0.05492625	0.329	0.361	1
Gprasp1	0.8279427	-0.125474016	0.532	0.639	1
Hoxb4	0.833184909	-0.133825671	0.593	0.651	1
Sox5	0.838509239	0.04510635	0.505	0.494	1
Scd	0.842812565	-0.043068539	0.319	0.337	1
Itm2a	0.84302261	0.130427681	0.546	0.602	1
Fabp7	0.845450758	0.076391641	0.44	0.386	1
Stc1	0.846191192	0.022594507	0.449	0.41	1
Eprs	0.846271873	0.464160471	0.486	0.518	1
Akap12	0.848915266	0.30026541	0.894	0.964	1
Ppp1r14a	0.850907909	0.124428463	0.37	0.446	1
Serpinb6a	0.856990171	0.353029074	0.801	0.928	1
Plp1	0.858416002	-0.063908131	0.319	0.398	1
Pou4f3	0.858792861	0.088315918	0.468	0.578	1
Htra1	0.862730234	0.163387702	0.407	0.47	1
Rdh10	0.865349272	0.072436005	0.509	0.506	1
Gadd45b	0.865819387	0.175531428	0.273	0.301	1
Zfp354c	0.86766513	-0.06083047	0.444	0.47	1
Sh3gl3	0.868872816	0.140923178	0.579	0.663	1
Fosb	0.870964326	-0.291180565	0.278	0.277	1
Arid5b	0.873366885	0.014033879	0.403	0.422	1
Sncg	0.880672104	0.127331286	0.981	1	1
Dnaja1	0.8816505	0.19668719	0.778	0.892	1
Zfp52	0.882128958	-0.015723813	0.375	0.217	1
Ccdc136	0.883456963	0.207046538	0.551	0.627	1
Tac1	0.885388119	0.024869878	0.995	1	1
S1pr3	0.888415089	0.014244009	0.542	0.566	1
AABR07053516.1	0.88866976	-0.034127393	0.431	0.289	1
Zfp608	0.889964487	-0.0962672	0.407	0.434	1
Dnajb1	0.890216293	-0.014888592	0.31	0.337	1
Gbp7	0.892204051	-0.229688729	0.546	0.53	1
Art3	0.893339778	-0.081917348	0.282	0.277	1
Rcan1	0.898399028	-0.010373287	0.412	0.434	1
Pmp22	0.89943051	0.432684877	0.81	0.94	1
AABR07036336.1	0.899467702	-0.046959192	0.5	0.446	1
Ralgps2	0.900700294	0.063169243	0.537	0.518	1
L3mbtl3	0.901827819	-0.02999137	0.287	0.169	1
AC128848.1	0.902282474	-0.375553837	0.366	0.398	1
Mapt	0.903365314	0.414206645	0.551	0.578	1
Hpcal4	0.904706017	-0.00449206	0.481	0.386	1
Id2	0.908740281	-0.309555349	0.412	0.482	1
S100a6	0.912127571	-0.019589761	0.727	0.783	1
Gpx1	0.912160455	-0.387838762	0.366	0.386	1
Cdh2	0.912351571	0.561288018	0.523	0.554	1
Igfbp5	0.912756721	-0.005023138	0.435	0.47	1
Rgs1	0.912791549	-0.017541496	0.389	0.253	1
Atp2b4	0.916091691	0.071251211	0.407	0.47	1
Zfhx2	0.916462474	0.151202521	0.509	0.53	1
Ptn	0.920904611	-0.134881581	0.523	0.53	1
Ap1s2	0.922320785	0.093365801	0.639	0.675	1
Chd1	0.924972514	0.165377176	0.384	0.41	1
Cd55	0.931747716	0.28838317	0.63	0.614	1
Spry4	0.931934308	-0.000182817	0.528	0.458	1
Pcp4l1	0.934615572	0.033938684	0.278	0.253	1
AABR07068127.1	0.934708742	-0.220385197	0.384	0.41	1
Nrarp	0.935835048	0.013042281	0.352	0.325	1
Sst	0.937144383	-0.291415472	0.366	0.386	1
Map4k5	0.938606734	0.001039953	0.546	0.542	1
Scn11a	0.938680059	-0.180374928	0.394	0.434	1
RGD1560010	0.943275309	0.104631021	0.458	0.53	1
Dmwd	0.950018307	0.031612117	0.505	0.41	1
Ripk1	0.951650755	-0.198182379	0.417	0.349	1
Mt1	0.954302304	-0.013222921	0.37	0.458	1
Anxa8	0.956586841	0.016945035	0.412	0.361	1
Acot1	0.956821188	-0.02673657	0.481	0.398	1
Abhd4	0.961529397	0.22980765	0.472	0.47	1
Npb	0.962669111	0.002209706	0.426	0.386	1
Spidr	0.963142991	0.167265458	0.407	0.373	1
Gpihbp1	0.963946389	0.023666514	0.356	0.217	1
Etv1	0.967088988	0.303751982	0.269	0.253	1
Ndc80	0.967093083	-0.084850251	0.333	0.241	1
Ctnnal1	0.970576271	0.073604654	0.375	0.337	1
Ppp2r2b	0.970592732	0.122462415	0.593	0.627	1
Serping1	0.97102217	0.154364531	0.463	0.422	1
Peg3	0.971671271	0.019343752	0.648	0.627	1
Ppfibp1	0.971801738	0.179351202	0.528	0.554	1
Necab2	0.972476488	0.088344107	0.556	0.47	1
Scn7a	0.972803602	0.079016132	0.426	0.434	1
RGD1304624	0.973660205	0.009118891	0.477	0.458	1
Rprm	0.973736849	-0.090005922	0.542	0.566	1
AABR07054361.1	0.974940261	-0.036297595	0.579	0.651	1
Ppp1r1c	0.980244683	0.360622144	0.722	0.795	1
Tmsb10	0.980337245	0.066957667	0.986	1	1
Zfp512	0.980518796	-0.187432496	0.537	0.59	1
Kcng1	0.982974695	-0.0887032	0.491	0.518	1
Ugt1a7c	0.98600599	0.156980577	0.37	0.41	1
Ppp1r15a	0.986031224	-0.149725925	0.426	0.446	1
Ehd4	0.988439542	-0.217449505	0.213	0.277	1
Hmgcs2	0.98875619	0.028912531	0.394	0.337	1
Lsr	0.989114555	-0.014842408	0.481	0.361	1
Gltpd2	0.989615311	-0.070631221	0.477	0.47	1
Ccl7	0.992047317	0.307416157	0.278	0.313	1
RGD1305733	0.992159581	-0.012349744	0.468	0.506	1
Ckmt1	0.993306948	0.109140543	0.421	0.482	1
Mis18bp1	0.996943439	-0.035753389	0.449	0.494	1
Taf7	0.998174602	-0.208637734	0.472	0.53	1
Mrgprb5	1	0.071733275	0.532	0.614	1