p_val	avg_log2FC	pct.1	pct.2	p_val_adj
ENSRNOG00000034161	1.25547261024975e-60	1.80814478538888	0.722	0	2.51094522049951e-57
Crabp1	1.40552083716236e-49	2.1017364481727	0.796	0.059	2.81104167432473e-46
AABR07036331.2	3.70648542208073e-48	-0.0285423821159884	0.593	0.007	7.41297084416147e-45
Gsdma	3.68278694372949e-47	-0.0150342199692912	0.602	0.007	7.36557388745898e-44
Nanos3	4.4637062030785e-43	0.0862642012876145	0.588	0.003	8.927412406157e-40
AABR07052486.1	4.92279278185351e-43	-0.0250301544917928	0.542	0.007	9.84558556370702e-40
Map3k10	4.92279278185351e-43	-0.0817123198787261	0.542	0.007	9.84558556370702e-40
Nupl2	1.3269506875268e-41	-0.00937497068808622	0.583	0.007	2.6539013750536e-38
Grk4	1.34130157474427e-41	-0.0505405548385889	0.583	0.007	2.68260314948853e-38
Emcn	1.8614090738567e-41	-0.102598694103558	0.574	0.01	3.72281814771339e-38
Nfkbie	2.29489930657638e-41	-0.10615616941486	0.583	0.014	4.58979861315275e-38
Cdc42bpg	3.0508352286107e-41	-0.0321688611402035	0.602	0.021	6.10167045722141e-38
Lrrn4cl	2.25771068502877e-40	0.0843177386463931	0.579	0.003	4.51542137005755e-37
Spata6l	2.4290702993632e-40	0.040162865803635	0.514	0.007	4.85814059872641e-37
Nppc	2.48445889565191e-40	-0.0472855881497739	0.514	0.007	4.96891779130381e-37
Galns	2.73174234789932e-40	-0.0482200288957507	0.551	0.003	5.46348469579864e-37
Col3a1	9.73638311222458e-39	-0.0091823332817699	0.486	0.003	1.94727662244492e-35
Cldn19	9.73638311222458e-39	-0.0105826742848955	0.486	0.003	1.94727662244492e-35
C1qb	1.20190764449897e-38	-0.0138601116724152	0.495	0.003	2.40381528899794e-35
Krba1	4.62263727803444e-38	0.00263594639663651	0.546	0.003	9.24527455606888e-35
Sox15	1.08550883147152e-37	-0.0585222009491626	0.486	0.007	2.17101766294305e-34
Rnf38	1.58028873266595e-37	-0.0406241565661255	0.542	0.007	3.16057746533189e-34
Cdc25a	1.59285048391881e-37	0.00287721265418099	0.56	0.01	3.18570096783762e-34
Bcl9l	2.95017677806729e-37	0.00291309298306957	0.491	0.003	5.90035355613459e-34
Slit2	3.51586262184905e-37	-0.105027660516326	0.491	0.007	7.03172524369811e-34
LOC680045	6.76099995818565e-37	-0.00973202950531199	0.477	0.003	1.35219999163713e-33
Sgo1	1.45364610983902e-36	-0.0510486624750069	0.463	0.003	2.90729221967805e-33
AABR07054361.1	1.59280867279407e-36	-0.158860499422594	0.579	0.021	3.18561734558814e-33
Plvap	2.17146571755956e-36	0.0254692055585656	0.481	0.003	4.34293143511912e-33
Srd5a2	5.77903462460641e-36	-0.0540903908887153	0.468	0.007	1.15580692492128e-32
Top2a	6.81512424506685e-36	-0.0486209884975059	0.486	0.003	1.36302484901337e-32
Ccdc138	6.81512424506685e-36	0.00114736698909312	0.486	0.003	1.36302484901337e-32
Npy5r	1.43623863267329e-35	-0.103812569141395	0.542	0.017	2.87247726534658e-32
Slitrk2	2.43837161526991e-35	0.0309150099645756	0.519	0.007	4.87674323053982e-32
Grik5	2.77616258270575e-35	0.158586398457492	0.556	0.017	5.55232516541149e-32
Wdr20	2.909149826253e-35	0.292774698195469	0.569	0.007	5.818299652506e-32
Slfn4	5.00755416126608e-35	-0.129077984180578	0.468	0.007	1.00151083225322e-31
Necab2	7.27891068328239e-35	0.108188109446725	0.556	0	1.45578213665648e-31
Frmd6	1.02687773075111e-34	-0.0375265120540053	0.556	0.007	2.05375546150223e-31
Exosc3	1.15966769090203e-34	-0.041429243215698	0.463	0.003	2.31933538180405e-31
Spry4	1.34943184516283e-34	-0.0114660382681816	0.528	0.003	2.69886369032565e-31
Calb1	1.50542400210029e-34	-0.0813195506796308	0.556	0.014	3.01084800420057e-31
Sorcs2	1.56107028792684e-34	-0.00378786317987099	0.509	0.003	3.12214057585369e-31
Noct	1.56798740400816e-34	0.00707590167931852	0.491	0.003	3.13597480801631e-31
Cyyr1	1.73553236603434e-34	-0.0791186511460485	0.519	0.007	3.47106473206869e-31
Zbtb47	2.24044824250925e-34	-0.036803164556768	0.528	0.014	4.48089648501849e-31
Eng	3.46172645186567e-34	0.0111725986507833	0.514	0	6.92345290373134e-31
Tmem72	6.12729819643818e-34	0.0375835457064345	0.556	0.007	1.22545963928764e-30
Fastkd1	7.00014307134294e-34	-0.00657525250253185	0.565	0.014	1.40002861426859e-30
Lrfn3	8.48587916245346e-34	0.0288177045139403	0.463	0	1.69717583249069e-30
Dcxr	1.08417502631456e-33	-0.0114860580518283	0.509	0.003	2.16835005262911e-30
Stap2	1.21756083988524e-33	0.00209625897094846	0.528	0.01	2.43512167977049e-30
Map4k5	2.00944408065029e-33	-0.106192624645263	0.546	0.024	4.01888816130059e-30
Ptpn13	7.23078504509974e-33	-0.0154605443903838	0.509	0.003	1.44615700901995e-29
Hpcal4	9.46946528469582e-33	-0.0171992587558753	0.481	0.007	1.89389305693916e-29
Acer2	1.51387278368053e-32	-0.0359925451629203	0.44	0.003	3.02774556736107e-29
Lmo7	1.93765189970735e-32	0.144406142345452	0.486	0	3.8753037994147e-29
C1s	1.99508878666774e-32	-0.0111201565781566	0.458	0.003	3.99017757333547e-29
Zfp964	2.20505973699547e-32	0.00890411026548286	0.477	0.003	4.41011947399094e-29
Phactr3	2.33576561594038e-32	0.406297023222548	0.583	0.031	4.67153123188075e-29
Kit	2.36926474499643e-32	-0.0123367576020429	0.495	0.007	4.73852948999286e-29
Dmwd	2.95765072059789e-32	-0.130663148834079	0.505	0.014	5.91530144119579e-29
Pllp	4.0831601652647e-32	0.0299538555874297	0.509	0	8.1663203305294e-29
Gbp5	5.77971488794155e-32	0.0214860365327567	0.472	0.003	1.15594297758831e-28
Rab11fip3	5.89067325603632e-32	-0.0191374824411589	0.454	0.007	1.17813465120726e-28
Lsr	6.57681027413518e-32	-0.128998524324663	0.481	0.007	1.31536205482704e-28
Adgrf5	8.30647223590367e-32	0.00395684295566531	0.421	0.003	1.66129444718073e-28
Tbc1d30	8.7351864110412e-32	-0.121702118292708	0.56	0.021	1.74703728220824e-28
Ercc6	1.45906303802797e-31	0.0552578187835998	0.546	0.007	2.91812607605595e-28
Wdr17	1.88020081549593e-31	-0.0715336102721002	0.505	0.014	3.76040163099186e-28
Ppm1f	4.04413716841303e-31	-0.00604156990467592	0.463	0.003	8.08827433682606e-28
Gatb	4.66434471698248e-31	-0.134282118203303	0.491	0.01	9.32868943396496e-28
Mdfic	5.74557277551475e-31	-0.122187709743488	0.472	0.014	1.14911455510295e-27
Angptl4	1.03371615256106e-30	-0.0086662900465168	0.546	0.014	2.06743230512211e-27
Bgn	1.10599775510905e-30	-0.073093972386084	0.495	0.01	2.21199551021811e-27
Cenpw	1.12622005936631e-30	-0.0496354581096441	0.449	0.007	2.25244011873262e-27
Pmepa1	1.93839740181893e-30	-0.115330793989444	0.565	0.034	3.87679480363787e-27
Abca8	2.26068260650045e-30	0.0163250701654418	0.491	0.003	4.5213652130009e-27
Plscr1	2.51942120309153e-30	0.00149522026507873	0.454	0	5.03884240618306e-27
AABR07001905.1	2.67112141425951e-30	-0.0247018136122679	0.472	0.003	5.34224282851901e-27
Vcam1	2.67112141425951e-30	0.0019540498651585	0.472	0.003	5.34224282851901e-27
Zfp37	4.70821026637382e-30	0.072261275592825	0.556	0.017	9.41642053274763e-27
Sncaip	5.55541290398233e-30	-0.0513213357904362	0.537	0.007	1.11108258079647e-26
Cdh8	5.66305683977792e-30	-0.0958209592660625	0.546	0.014	1.13261136795558e-26
Ccdc149	6.34295853100536e-30	0.00311879020272917	0.468	0	1.26859170620107e-26
Rgs16	6.95860432217405e-30	0.0381029470773245	0.468	0.003	1.39172086443481e-26
Dlg2	1.0915270660234e-29	-0.0582549259389011	0.509	0.007	2.18305413204681e-26
AABR07036336.1	1.16378972322149e-29	-0.00209035126047752	0.5	0.003	2.32757944644298e-26
Mrgprb5	1.59199760376463e-29	-0.0334502722655733	0.532	0.01	3.18399520752926e-26
Cav2	1.69245308459408e-29	-0.038060491644595	0.481	0.007	3.38490616918815e-26
Epas1	2.73943760202885e-29	-0.0789235365343046	0.523	0.017	5.4788752040577e-26
ENSRNOG00000054017	2.97241205403043e-29	0.00922658742863046	0.37	0	5.94482410806085e-26
Alg8	2.9963680839648e-29	0.0859552466805665	0.528	0	5.99273616792959e-26
Hoxb2	4.66452919525479e-29	-0.014363780107419	0.458	0.003	9.32905839050958e-26
AABR07034438.1	4.66452919525479e-29	-0.00887334939315584	0.458	0.003	9.32905839050958e-26
Pde2a	6.14207366578898e-29	0.0278639066873825	0.542	0.01	1.2284147331578e-25
Baz2b	6.91621523833207e-29	-0.15762096438557	0.56	0.028	1.38324304766641e-25
Fyb1	1.23284226290617e-28	-0.0202487671874039	0.444	0.003	2.46568452581234e-25
Tlk1	1.25540514173768e-28	-0.137964024032433	0.472	0.01	2.51081028347535e-25
Ptpn2	1.30455056902761e-28	0.0758705522364582	0.546	0.014	2.60910113805522e-25
Cyp2d4	1.54683462356234e-28	0.35280877587032	0.495	0	3.09366924712468e-25
Gbp7	1.72637934867318e-28	-0.0188390418755487	0.546	0.021	3.45275869734635e-25
Gpx3	2.34095312673257e-28	0.139312977310734	0.588	0.048	4.68190625346514e-25
Abraxas1	2.68656428386666e-28	0.0040715610308344	0.458	0	5.37312856773333e-25
Tfeb	3.11888001523699e-28	-0.017152322310411	0.431	0.003	6.23776003047399e-25
Atp1a2	3.14182093231748e-28	-0.0297482363923026	0.519	0.014	6.28364186463496e-25
Matn2	3.14182093231748e-28	-0.0533948048702539	0.519	0.014	6.28364186463496e-25
Egfl7	3.98945003766996e-28	-0.139408075031477	0.542	0.017	7.97890007533993e-25
Birc3	4.00530035180927e-28	0.0345755828248875	0.523	0	8.01060070361855e-25
Ncam2	5.98172260265154e-28	0.0976510787913021	0.556	0.024	1.19634452053031e-24
Tekt1	7.3414406854384e-28	0.00586409300047051	0.444	0	1.46828813708768e-24
Zfhx3	8.52104002455995e-28	0.00107670676125922	0.528	0.003	1.70420800491199e-24
Ifitm1	1.24494679873572e-27	0.0623912243316737	0.597	0.059	2.48989359747144e-24
Cyba	1.4721490098375e-27	-0.042022402505761	0.509	0.003	2.94429801967499e-24
Cdkn1c	1.9060940003605e-27	0.00476692511456519	0.421	0	3.81218800072101e-24
Cd302	3.93565189408113e-27	0.0981725915921346	0.505	0.007	7.87130378816226e-24
Stk32a	4.27900287951573e-27	0.196857327962512	0.505	0.01	8.55800575903145e-24
Klhdc8b	4.73070332048877e-27	-0.107918302599174	0.556	0.034	9.46140664097754e-24
Ezh2	4.73697826211585e-27	-0.119882813225398	0.537	0.017	9.4739565242317e-24
Smagp	4.77949665328105e-27	-0.0145061886261469	0.444	0.003	9.5589933065621e-24
Litaf	5.54943000468518e-27	-0.0346730224139588	0.556	0.038	1.10988600093704e-23
Rdh10	9.72237995420996e-27	-0.0725121443932228	0.509	0.014	1.94447599084199e-23
Pde1a	9.75682959254848e-27	0.0283629720612372	0.56	0.041	1.9513659185097e-23
Rnd1	1.04292986127638e-26	-0.0264806230100513	0.532	0.014	2.08585972255276e-23
Tgif1	1.20640243943277e-26	-0.0250852722780795	0.44	0.003	2.41280487886553e-23
Apoc1	1.59610223701229e-26	0.0532178791249994	0.481	0.007	3.19220447402458e-23
Dcn	1.91922562707108e-26	-0.0445742230091075	0.37	0.003	3.83845125414215e-23
Syt6	2.30741584493727e-26	-0.0505610728716525	0.528	0.01	4.61483168987454e-23
Fbrsl1	3.03249435552723e-26	-0.0120410849439054	0.435	0.003	6.06498871105446e-23
Ndst3	3.29272573884639e-26	-0.0414223873880177	0.486	0.007	6.58545147769277e-23
Psmb9	3.92423111323712e-26	-0.0354806679124445	0.486	0.014	7.84846222647424e-23
S1pr3	5.68951667734963e-26	-0.252897330054652	0.542	0.028	1.13790333546993e-22
Ucn2	7.29942040799741e-26	0.00185800334867021	0.394	0	1.45988408159948e-22
Cx3cl1	7.41019046931246e-26	-0.0525430345817304	0.44	0.007	1.48203809386249e-22
Ankrd39	7.8327526174232e-26	0.00449244217037477	0.412	0	1.56655052348464e-22
Il15ra	1.20475250756068e-25	0.00558754593874538	0.519	0.003	2.40950501512136e-22
Col14a1	2.29154117516566e-25	0.101074673614725	0.523	0.007	4.58308235033132e-22
Cttnbp2nl	2.5103390548781e-25	-0.040265814734676	0.523	0.01	5.02067810975619e-22
Hbb	2.52421845344204e-25	-0.161902950646389	0.532	0.021	5.04843690688408e-22
Cxcl2	3.25737993509254e-25	-0.045929068093939	0.458	0.01	6.51475987018508e-22
AABR07053516.1	4.32866091195881e-25	-0.00730719538303872	0.431	0.003	8.65732182391761e-22
Ppfibp1	4.71661142669736e-25	0.107209801509002	0.528	0.014	9.43322285339473e-22
Rsad2	6.22601904236314e-25	-0.0463260364553791	0.463	0.007	1.24520380847263e-21
Clcn5	8.69876665559785e-25	-0.0674010126905455	0.509	0.01	1.73975333111957e-21
Col1a1	9.5863892042023e-25	-0.00134618754073556	0.435	0.003	1.91727784084046e-21
Osgin1	1.07104745880833e-24	-0.0260028865759771	0.426	0.003	2.14209491761665e-21
Lix1	1.08251343659135e-24	0.0677455799933889	0.523	0.01	2.16502687318271e-21
Isg15	1.19282418446376e-24	-0.124581724614041	0.542	0.034	2.38564836892751e-21
Arhgap29	1.20844291494317e-24	-0.141373885003353	0.523	0.014	2.41688582988635e-21
Prom1	1.21055340077413e-24	-0.0131296235788107	0.389	0.003	2.42110680154825e-21
Ankrd13d	1.21832853068445e-24	-0.128627670011165	0.523	0.014	2.43665706136891e-21
Wnt4	1.83209230744968e-24	-0.0096805427962148	0.505	0.003	3.66418461489936e-21
Chd5	1.95274427996937e-24	-0.268483238947605	0.588	0.079	3.90548855993874e-21
Sostdc1	2.12381118379586e-24	0.00675600616693761	0.44	0.007	4.24762236759173e-21
Aif1l	2.13893649368737e-24	0.00169772826054675	0.356	0	4.27787298737473e-21
Rgl1	2.28823621830742e-24	0.0118903843767412	0.472	0.003	4.57647243661485e-21
Fam92b	2.29966379328137e-24	0.154471517163001	0.519	0.003	4.59932758656274e-21
Rsph9	2.38486017979022e-24	0.0433934086121753	0.431	0.007	4.76972035958043e-21
Negr1	2.49200934536025e-24	-0.215990902591048	0.546	0.038	4.98401869072049e-21
Rad51ap1	2.70483109972325e-24	-0.0447162950222819	0.519	0.01	5.40966219944649e-21
Cdc42ep5	2.93317378958376e-24	-0.11035294994734	0.519	0.014	5.86634757916751e-21
Egfl8	4.85021368998781e-24	-0.105862440522225	0.551	0.045	9.70042737997562e-21
Arid5a	5.52055874393525e-24	0.0300224546914723	0.468	0.003	1.10411174878705e-20
Gulp1	5.8030939641692e-24	-0.00969203776492689	0.426	0.003	1.16061879283384e-20
Grxcr2	6.07855159259641e-24	0.0231674733771573	0.514	0.007	1.21571031851928e-20
Pcdh19	1.09838142832447e-23	-0.0722104546713866	0.44	0.007	2.19676285664893e-20
Dleu7	1.19224966582846e-23	0.00875171366557612	0.519	0.014	2.38449933165691e-20
Blm	1.30687881866088e-23	0.120318168878021	0.509	0	2.61375763732177e-20
Mmd2	2.23584544275776e-23	-0.20322991883785	0.542	0.041	4.47169088551552e-20
Cfh	2.72903544479105e-23	-0.0138660737378245	0.468	0.007	5.45807088958209e-20
Prx	3.30670128656922e-23	0.000363980702986777	0.31	0	6.61340257313844e-20
Ccl4	3.60662619136251e-23	-0.0481687561122051	0.352	0.003	7.21325238272501e-20
Sectm1b	3.64156970094248e-23	0.000741746387392939	0.352	0	7.28313940188496e-20
Gast	4.36417517739677e-23	-0.00657489872643115	0.389	0.003	8.72835035479355e-20
Amigo2	5.16559884119206e-23	-0.280597398705224	0.537	0.038	1.03311976823841e-19
Prrg2	5.36605992474346e-23	-0.0995314225383115	0.44	0.007	1.07321198494869e-19
Camk2a	1.05211364409581e-22	-0.13678285702848	0.523	0.024	2.10422728819162e-19
Tmem164	1.06853334835682e-22	-0.0890378921757148	0.523	0.024	2.13706669671364e-19
S1pr1	1.07922386233802e-22	0.00569246938557106	0.491	0	2.15844772467604e-19
Srgap2	1.14588062017799e-22	-0.102838692997868	0.514	0.014	2.29176124035598e-19
Zfp512	1.32898718889202e-22	-0.0272785246512743	0.537	0.031	2.65797437778404e-19
Rtp4	1.67107531277064e-22	0.280828582168401	0.519	0.01	3.34215062554129e-19
Il31ra	1.78193074345447e-22	-0.0373925466841993	0.333	0.003	3.56386148690893e-19
Cxcl1	1.78885399141455e-22	-0.188768330736499	0.537	0.038	3.57770798282911e-19
Fxyd5	2.00202334206585e-22	-0.0901504570228691	0.528	0.031	4.0040466841317e-19
ENSRNOG00000047321	2.13093778592987e-22	-0.0515754892648285	0.519	0.021	4.26187557185975e-19
Atp11b	2.26642674520482e-22	-0.159098130684764	0.519	0.021	4.53285349040965e-19
Kif18a	2.3799786873764e-22	0.0257445453808788	0.44	0	4.7599573747528e-19
Lmo2	3.11860125718954e-22	0.0249482184394653	0.463	0.014	6.23720251437909e-19
Tstd1	3.52203540081322e-22	-0.148148107488589	0.532	0.034	7.04407080162644e-19
Eif4ebp1	4.67974257315601e-22	-0.0242705225739904	0.514	0.017	9.35948514631202e-19
Fbn1	5.00854926926287e-22	-0.0291865918223488	0.468	0.003	1.00170985385257e-18
Serpinb6b	5.15034727547899e-22	4.92252135529534e-05	0.338	0	1.0300694550958e-18
Sox5	5.3116730444812e-22	0.0465159294993654	0.505	0.003	1.06233460889624e-18
Larp1	5.62799824957445e-22	0.0129031489812754	0.505	0.007	1.12559964991489e-18
Gfm2	5.71545432141564e-22	-0.0311351495079646	0.505	0.007	1.14309086428313e-18
LOC102549817	6.01774523433852e-22	-0.0982258133865205	0.435	0.007	1.2035490468677e-18
Zfp260	8.64124784423003e-22	-0.0143743431151345	0.417	0.003	1.72824956884601e-18
Ppard	1.15591745750102e-21	0.0718543444217398	0.398	0	2.31183491500204e-18
Gria4	1.18216796273765e-21	0.0512725882650859	0.463	0.003	2.3643359254753e-18
Gpm6b	1.59442869628313e-21	-0.0944467524937672	0.523	0.031	3.18885739256626e-18
Gmfg	2.12895552128557e-21	0.0585658366939596	0.505	0.007	4.25791104257114e-18
Metrnl	3.09244845826365e-21	-0.0554933967665995	0.384	0.007	6.18489691652729e-18
Ppp1r9a	3.49188360395176e-21	0.197300225118327	0.509	0.01	6.98376720790353e-18
Tubb6	3.84945164426222e-21	-0.0407530500470945	0.509	0.014	7.69890328852445e-18
S100a8	4.76761329501112e-21	-0.309418664811037	0.495	0.028	9.53522659002223e-18
Adgrg2	4.95120726520047e-21	-0.0543936591771809	0.44	0.007	9.90241453040094e-18
Gprc5c	5.09173492920437e-21	-0.0132969090399625	0.5	0.007	1.01834698584087e-17
Kif20b	5.1302253854987e-21	-0.0415734944954661	0.5	0.007	1.02604507709974e-17
Ifih1	5.15878184217776e-21	-0.00254950144387778	0.523	0.028	1.03175636843555e-17
Rprm	6.44348189656874e-21	-0.371428874970118	0.542	0.055	1.28869637931375e-17
Tysnd1	8.59719616085202e-21	0.0330594061142494	0.468	0.007	1.7194392321704e-17
Eef2k	8.95980815480114e-21	-0.0539655528339163	0.505	0.014	1.79196163096023e-17
Rp2	9.15816449649315e-21	0.000133554769932743	0.269	0	1.83163289929863e-17
Psmc3ip	1.14923419860025e-20	0.018576453898359	0.495	0.003	2.29846839720051e-17
Dot1l	1.14923419860025e-20	-0.0171495092651021	0.495	0.003	2.29846839720051e-17
Cox15	1.19304344494969e-20	-0.0611629442734805	0.495	0.007	2.38608688989937e-17
Alox5ap	1.19304344494969e-20	-0.0528308548306908	0.495	0.007	2.38608688989937e-17
Cd83	1.2024346468646e-20	0.289685804066248	0.509	0.01	2.40486929372919e-17
Zfhx2	1.35809579471791e-20	0.0896923639261799	0.509	0.014	2.71619158943582e-17
Fbxo32	1.39396291952039e-20	0.0382241006940555	0.472	0	2.78792583904077e-17
Acot1	1.48716953514112e-20	-0.204133502591545	0.481	0.028	2.97433907028224e-17
Fgf2	1.8490410605508e-20	-0.0934076409488081	0.486	0.014	3.6980821211016e-17
Qtrt1	1.98434549061036e-20	-0.0773457745905924	0.5	0.01	3.96869098122072e-17
Fabp7	2.0708862132963e-20	0.0546427175520342	0.44	0.007	4.14177242659261e-17
Plat	2.65920130294025e-20	0.0873157590104473	0.491	0.007	5.3184026058805e-17
Wfdc15b	2.72244240087517e-20	-0.113091003172758	0.398	0.007	5.44488480175034e-17
Mal	2.7272845749563e-20	-0.0166616670403444	0.431	0.007	5.45456914991261e-17
Tmem63c	2.91611123209737e-20	0.0863755005738553	0.551	0.052	5.83222246419474e-17
Rbpms	4.05694864022065e-20	-0.00309986431004406	0.37	0.003	8.11389728044131e-17
Bcl11a	4.228904483858e-20	-0.050671155753912	0.519	0.031	8.457808967716e-17
Abcg3l3	5.35997155161832e-20	-0.0423247276588861	0.509	0.021	1.07199431032366e-16
Lrat	6.34458426011892e-20	-0.0372817698683483	0.394	0.007	1.26891685202378e-16
RatNP-3b	7.22511431145132e-20	-0.05758161874588	0.269	0.003	1.44502286229026e-16
Lrrk2	7.94573082296945e-20	0.000363013164487131	0.301	0	1.58914616459389e-16
Afap1	1.07790456864621e-19	-0.0047536948154954	0.347	0.003	2.15580913729242e-16
Ackr3	1.09144616036369e-19	-0.0350842118754879	0.338	0.003	2.18289232072738e-16
Ptgds	1.11062852473535e-19	-0.518190136441593	0.551	0.072	2.2212570494707e-16
Pcnt	1.54870835478608e-19	0.00535657958107806	0.495	0.007	3.09741670957216e-16
Ccdc68	1.78892057831375e-19	-0.238667650907876	0.519	0.034	3.57784115662751e-16
Gpr37l1	3.26198717390477e-19	0.00816176119827092	0.477	0.007	6.52397434780953e-16
Giot1	3.54226764839052e-19	-0.0557180366477291	0.491	0.007	7.08453529678103e-16
Tbc1d1	3.54226764839052e-19	-0.0761847622709849	0.491	0.007	7.08453529678103e-16
Thbd	5.81309654220443e-19	-0.112626473469221	0.495	0.014	1.16261930844089e-15
Plekha4	7.14938213442157e-19	-0.14080585698649	0.519	0.041	1.42987642688431e-15
Rph3a	8.49104681038141e-19	0.0612998189427083	0.5	0.017	1.69820936207628e-15
Plpp3	8.88759165295391e-19	-0.0405534203858122	0.5	0.021	1.77751833059078e-15
Mmp14	9.66831711416674e-19	-0.183401947039562	0.5	0.021	1.93366342283335e-15
Myh11	1.09675461843067e-18	0.0809528932193464	0.361	0	2.19350923686133e-15
Rft1	1.3028905887025e-18	-0.0359340743448405	0.44	0.01	2.605781177405e-15
Mmrn2	1.34142671861357e-18	0.0174627816269446	0.417	0.003	2.68285343722714e-15
Zfp300	1.35168633647276e-18	-0.000121500837387756	0.417	0.003	2.70337267294553e-15
Gjc1	1.41524334624594e-18	0.00405145573680104	0.315	0	2.83048669249187e-15
Mns1	2.0321796406198e-18	-0.0982908505398985	0.495	0.017	4.0643592812396e-15
Gprasp1	2.1589216312034e-18	-0.114240587371611	0.532	0.052	4.3178432624068e-15
Zfp521	2.27792701278287e-18	0.00102387748298051	0.398	0	4.55585402556573e-15
Afg3l1	2.81486506200044e-18	-0.104501277691458	0.472	0.017	5.62973012400088e-15
Gda	4.81380602446306e-18	-0.0371486469887133	0.519	0.041	9.62761204892612e-15
Nfil3	5.77486604850686e-18	0.0711886859483411	0.481	0.003	1.15497320970137e-14
Plxnd1	6.54509735377618e-18	-0.0155216154642174	0.495	0.021	1.30901947075524e-14
Pdlim4	9.16235303223435e-18	-0.0214520901190842	0.486	0.01	1.83247060644687e-14
Tesc	1.32296563877895e-17	0.0613795075338613	0.477	0	2.6459312775579e-14
Irf1	1.36718666374235e-17	0.0235154815349415	0.491	0.014	2.7343733274847e-14
Prc1	2.08656399877902e-17	-0.0467110232135683	0.361	0.007	4.17312799755804e-14
Nek8	3.03658712693793e-17	0.00250770278236448	0.343	0	6.07317425387585e-14
Kank1	4.05912078260568e-17	0.0222185488108542	0.306	0	8.11824156521137e-14
RGD1304624	4.30440720863582e-17	0.0296601853448169	0.477	0.003	8.60881441727164e-14
Pik3r4	4.39263883031246e-17	-0.0471509660430843	0.477	0.01	8.78527766062492e-14
LOC102556347	6.10942414180758e-17	0.156459472593022	0.509	0.038	1.22188482836152e-13
Dtwd1	6.264743104468e-17	0.0773718310307359	0.495	0.028	1.2529486208936e-13
Tbc1d20	6.28697604036741e-17	-0.0280791081277399	0.454	0.007	1.25739520807348e-13
Cd48	6.82644455020407e-17	-0.0850802542002643	0.495	0.028	1.36528891004081e-13
Reg3b	8.77783194388265e-17	0.206943917148478	0.486	0.017	1.75556638877653e-13
Sbspon	9.50569101748197e-17	0.00841430107215918	0.472	0	1.90113820349639e-13
Nkain4	1.2474470087317e-16	-0.0111969043812858	0.398	0.01	2.49489401746339e-13
Cox6b2	1.29844012491049e-16	0.00363382846820312	0.375	0.003	2.59688024982098e-13
Serping1	1.37667989740401e-16	0.14977609317537	0.463	0.003	2.75335979480802e-13
Tcf4	1.3823383983643e-16	-0.0234220654177406	0.477	0.007	2.76467679672859e-13
Tst	1.45702083651993e-16	-0.0908375880573657	0.491	0.024	2.91404167303987e-13
AABR07016934.1	1.88711069762968e-16	-0.636591962646111	0.583	0.121	3.77422139525935e-13
Acy3	1.95437613637888e-16	0.0719691263710848	0.481	0.01	3.90875227275775e-13
Igfbp4	1.98674593866609e-16	-0.0366587953090114	0.481	0.014	3.97349187733218e-13
Ssc5d	2.01302182795099e-16	-0.176903945249935	0.481	0.014	4.02604365590198e-13
Zfp105	2.03964023858474e-16	-0.0707980715581485	0.481	0.014	4.07928047716948e-13
LOC691143	2.98203949198351e-16	0.0150869699280481	0.472	0.003	5.96407898396703e-13
Slc43a3	2.98203949198351e-16	0.000792164047559288	0.472	0.003	5.96407898396703e-13
S1pr2	3.07981787139535e-16	0.0393614747835451	0.458	0	6.1596357427907e-13
Ctxn2	3.96967772160917e-16	0.199445998302956	0.491	0.021	7.93935544321834e-13
Map3k2	4.00820370280353e-16	-0.0263238855722429	0.491	0.017	8.01640740560707e-13
Plekha8	4.21288473189441e-16	0.035572363522776	0.477	0.007	8.42576946378882e-13
Cd84	4.29553654295738e-16	0.0195125316310366	0.449	0.01	8.59107308591477e-13
Atad2	5.77427904215836e-16	0.10453643254661	0.481	0.01	1.15485580843167e-12
Scrg1	6.11942203349526e-16	-0.102330003928572	0.481	0.017	1.22388440669905e-12
Fgfr1	7.56491651859573e-16	0.00557224458655941	0.403	0.003	1.51298330371915e-12
Pltp	7.86616731861107e-16	0.00745042332034697	0.25	0	1.57323346372221e-12
Cdh1	9.30877576037978e-16	-0.107445745197472	0.486	0.024	1.86175515207596e-12
AABR07021544.1	1.06320870617352e-15	0.000182509601064714	0.278	0	2.12641741234703e-12
Chrne	1.11199418128606e-15	0.0425017981432922	0.519	0.055	2.22398836257211e-12
Sh3gl3	1.12687292177707e-15	-0.214501871961046	0.579	0.117	2.25374584355414e-12
Galnt14	1.22966109518233e-15	-0.0729288663913233	0.505	0.041	2.45932219036465e-12
Rps6kc1	1.26456725852204e-15	0.0490533864648506	0.477	0.01	2.52913451704407e-12
Zfp711	1.37278321037167e-15	-0.0150768527542869	0.463	0.003	2.74556642074334e-12
Fam107a	1.84368167334155e-15	0.000826338567985501	0.352	0	3.68736334668309e-12
Rin2	1.89888324970149e-15	0.053180299887318	0.468	0.003	3.79776649940297e-12
Ppp1r14c	2.00327603151889e-15	-0.029394779414145	0.454	0.01	4.00655206303778e-12
AABR07068590.2	2.17470214822086e-15	0.000248058078610215	0.301	0	4.34940429644173e-12
Apod	2.49718014301691e-15	-0.00930537964345504	0.486	0.024	4.99436028603383e-12
Tceanc2	2.65857527827846e-15	-0.133796779010332	0.486	0.024	5.31715055655693e-12
Pcnx1	3.8453721298302e-15	-0.222966214449032	0.477	0.017	7.6907442596604e-12
Tec	3.85881559460953e-15	0.00579659577777707	0.315	0	7.71763118921906e-12
Uap1l1	4.06760996796685e-15	0.506137665260968	0.449	0.007	8.13521993593369e-12
Col28a1	4.19136101756514e-15	0.0403806552274381	0.463	0	8.38272203513028e-12
AABR07072449.1	4.25508147139196e-15	0.0228797071252204	0.449	0.007	8.51016294278393e-12
Rel	5.71140750155767e-15	-0.044040301824964	0.468	0.007	1.14228150031153e-11
Ttc30b	5.71140750155767e-15	0.00573952456356124	0.468	0.007	1.14228150031153e-11
Rassf7	5.72937646550067e-15	0.0430914719905297	0.468	0.003	1.14587529310013e-11
Abi3bp	7.60554513145731e-15	-0.196544860139708	0.486	0.028	1.52110902629146e-11
Tesk2	8.34571709063665e-15	-0.101375407451599	0.403	0.007	1.66914341812733e-11
Gltpd2	1.06842384080805e-14	-0.0737492978481624	0.477	0.021	2.13684768161611e-11
Slc25a12	1.20838864314773e-14	0.0054868485423661	0.463	0.003	2.41677728629547e-11
Ecscr	1.34717433447233e-14	0.0125291366952945	0.435	0.003	2.69434866894466e-11
Akap2	1.43759834272508e-14	-0.0841652625925773	0.495	0.041	2.87519668545016e-11
Xdh	1.54527641540444e-14	-0.256883863689779	0.495	0.041	3.09055283080888e-11
Tmem62	1.58403319089871e-14	0.131943275443227	0.468	0.01	3.16806638179741e-11
Tmem216	1.63361037599508e-14	-0.113852867884284	0.468	0.01	3.26722075199016e-11
Vps25	1.92216027506502e-14	-0.0180671526044774	0.44	0.003	3.84432055013004e-11
Hoxb4	2.08247143379356e-14	-0.468328391898697	0.593	0.138	4.16494286758712e-11
Cc2d2a	2.21421261244984e-14	-0.100390112283942	0.472	0.017	4.42842522489969e-11
Cplx2	2.42160544938618e-14	0.163930699382822	0.491	0.031	4.84321089877237e-11
Zfp354c	2.62699434600541e-14	-0.0192094113346611	0.444	0.01	5.25398869201082e-11
Idh2	3.43087357647057e-14	0.0783239648881752	0.463	0.003	6.86174715294114e-11
Fbxo42	7.1166031723593e-14	0.0199720674323588	0.458	0.003	1.42332063447186e-10
Jak1	7.34688309761754e-14	0.0909573586112864	0.606	0.148	1.46937661952351e-10
Snapc2	7.57301743797103e-14	-0.0445025230211547	0.477	0.028	1.51460348759421e-10
Afdn	8.33128797376888e-14	0.160487391663364	0.514	0.059	1.66625759475378e-10
Gab1	8.5782656632701e-14	0.000681586109198751	0.431	0	1.71565313265402e-10
Creg1	8.78194320849445e-14	-0.450631075265648	0.491	0.045	1.75638864169889e-10
Ptchd1	9.22637171009398e-14	-0.0262784616574798	0.463	0.014	1.8452743420188e-10
LOC102550036	9.33750449766629e-14	-0.110494693146382	0.463	0.01	1.86750089953326e-10
Hsbp1l1	1.01043313341417e-13	0.00929926604479336	0.481	0.031	2.02086626682834e-10
Tpm2	1.10237010297398e-13	0.042401170538416	0.449	0	2.20474020594797e-10
AC141102.1	1.13363218395054e-13	0.1784604372216	0.435	0.003	2.26726436790107e-10
Dlgap5	1.23451709922348e-13	0.00905943411802082	0.407	0.003	2.46903419844696e-10
AABR07060487.1	1.25383204204603e-13	0.140579935837992	0.486	0.028	2.50766408409205e-10
Actr5	1.25411923608558e-13	0.00701037519082898	0.394	0	2.50823847217117e-10
Cadps2	1.63561017641041e-13	0.000657655710791528	0.301	0	3.27122035282082e-10
Id3	1.88869198999737e-13	0.0533308242999546	0.458	0.007	3.77738397999475e-10
Atg2b	1.89429917913588e-13	-0.0262101549868723	0.458	0.01	3.78859835827176e-10
Zcchc11	2.1734912357979e-13	-0.133730182483825	0.477	0.028	4.3469824715958e-10
Bnip2	2.46134573031242e-13	-0.0743961168072402	0.463	0.014	4.92269146062484e-10
Srrm4	3.20844906274451e-13	-0.115346126727219	0.468	0.017	6.41689812548903e-10
Nov	3.65429164965849e-13	0.0123601464468361	0.486	0.038	7.30858329931697e-10
Comp	3.79710813873293e-13	-0.074439865495081	0.454	0.01	7.59421627746585e-10
Ccdc172	3.95636600015008e-13	0.0861631498908213	0.454	0.003	7.91273200030016e-10
Pdpn	4.12405060828788e-13	-0.082408977710127	0.472	0.028	8.24810121657576e-10
Nudt15	4.17180916562887e-13	-0.117170423651598	0.472	0.028	8.34361833125774e-10
Cxcl9	4.46726262447397e-13	-0.112355416355306	0.426	0.014	8.93452524894795e-10
Vwa1	4.58944497478848e-13	0.0612557731188278	0.37	0.007	9.17888994957696e-10
Enho	4.77766335164744e-13	0.0685691074759896	0.491	0.045	9.55532670329488e-10
Igtp	4.99047869079005e-13	0.0948490161435993	0.398	0.007	9.9809573815801e-10
Arhgdib	5.01556471578994e-13	0.214856903737408	0.458	0.007	1.00311294315799e-09
Ccdc173	5.07419145630153e-13	-0.181690508123047	0.458	0.01	1.01483829126031e-09
Smtn	5.07419145630153e-13	-0.0671225065763956	0.458	0.01	1.01483829126031e-09
Enc1	5.10375661795896e-13	0.0341359465677586	0.458	0.007	1.02075132359179e-09
Epha5	6.24799875403258e-13	-0.475490122203107	0.574	0.141	1.24959975080652e-09
Stom	6.38115728435813e-13	0.0509832403237697	0.463	0.014	1.27623145687163e-09
AABR07054716.1	6.41798932143541e-13	0.251100713687644	0.463	0.01	1.28359786428708e-09
Pou4f3	7.47952155136429e-13	0.162095673322331	0.468	0.017	1.49590431027286e-09
1-Sep	7.87373471008347e-13	0.115742723083338	0.468	0.017	1.57474694201669e-09
Gabrg1	8.02038950796588e-13	-0.214744021339342	0.481	0.041	1.60407790159318e-09
Stc1	8.27814638351993e-13	0.0275118357499338	0.449	0	1.65562927670399e-09
Oasl2	8.33568940161941e-13	-0.0848943422775795	0.468	0.024	1.66713788032388e-09
Zeb2	9.94075536701536e-13	-0.574261461510826	0.519	0.086	1.98815107340307e-09
AABR07047872.1	1.00698554600604e-12	-0.0394662408353849	0.38	0.007	2.01397109201208e-09
Zfp503	1.00721704840109e-12	-0.0951083532841079	0.407	0.007	2.01443409680219e-09
Nme5	1.02126577143561e-12	-0.0139210005944336	0.454	0.007	2.04253154287121e-09
Pygl	1.47660898283599e-12	-0.300118115645582	0.477	0.034	2.95321796567198e-09
Man2a1	1.89134397749166e-12	-0.387872148695304	0.546	0.11	3.78268795498333e-09
Lgi4	2.08930787129121e-12	0.0334798765739767	0.449	0.003	4.17861574258243e-09
Samd15	2.10122704468397e-12	0.0377034840033606	0.449	0.003	4.20245408936793e-09
Hectd4	2.113212907186e-12	-0.0466253774934016	0.449	0.003	4.22642581437199e-09
Timp4	2.113212907186e-12	-0.0282851799580544	0.449	0.003	4.22642581437199e-09
Rgs1	2.16152283836536e-12	-0.0089808952321219	0.389	0.003	4.32304567673072e-09
Ina	2.62480775855455e-12	-0.349336423530211	0.565	0.138	5.24961551710909e-09
Mylip	2.72451831469386e-12	0.232375175715414	0.495	0.041	5.44903662938772e-09
Cald1	2.90274516627699e-12	-0.0659710940442788	0.491	0.055	5.80549033255398e-09
Slc29a1	3.22877069378987e-12	-0.0823401116490541	0.458	0.017	6.45754138757975e-09
Prpf8	3.2650169335976e-12	-0.0219126509055884	0.458	0.014	6.53003386719520e-09
RF00030	3.63134304333218e-12	-0.071709426079074	0.343	0.007	7.26268608666436e-09
Ahdc1	4.34123800189179e-12	0.00171324618746528	0.444	0	8.68247600378359e-09
Oas1b	4.38472747843423e-12	-0.00760775959005429	0.319	0.003	8.76945495686846e-09
Ripk1	4.86863109227159e-12	-0.149073897899982	0.417	0.014	9.73726218454318e-09
Abhd4	5.91707922415132e-12	0.0685936450893593	0.472	0.031	1.18341584483026e-08
RF00001	6.16542990654614e-12	-0.0892278116987458	0.421	0.017	1.23308598130923e-08
Taf6l	6.31172650893416e-12	0.00366677345903866	0.435	0.003	1.26234530178683e-08
RGD1560010	7.75565348998466e-12	0.101776646353608	0.458	0.014	1.55113069799693e-08
AC141028.3	7.89359443764583e-12	-0.0049896656227224	0.407	0.003	1.57871888752917e-08
Crh	8.05839281351059e-12	-0.209500101739478	0.458	0.021	1.61167856270212e-08
Ecel1	8.38450377334721e-12	-0.0943504130356618	0.477	0.045	1.67690075466944e-08
Npy1r	8.5127595911994e-12	0.244007804024776	0.653	0.214	1.70255191823988e-08
Ugt8	8.77445366724511e-12	0.0411437329331147	0.366	0.003	1.75489073344902e-08
Pdzd2	9.11832280692321e-12	-0.0670054163641223	0.426	0.007	1.82366456138464e-08
Nnat	1.01304098878471e-11	0.0981837283341343	0.523	0.076	2.02608197756943e-08
Kcnc1	1.06559584135427e-11	-0.0180117177167674	0.444	0.003	2.13119168270854e-08
Cecr2	1.06559584135427e-11	-0.0208569293626692	0.444	0.003	2.13119168270854e-08
Gramd1b	1.14648837514158e-11	-0.0217311482958104	0.431	0.01	2.29297675028316e-08
Slc25a15	1.16270611072429e-11	0.0225320404649135	0.343	0.003	2.32541222144858e-08
AABR07004228.1	1.17010707273587e-11	-0.0601406878370961	0.356	0.007	2.34021414547175e-08
Sfrp1	1.60063430727552e-11	-0.216255023008401	0.472	0.041	3.20126861455104e-08
Ifrd1	1.63500581435361e-11	-0.185846979771851	0.472	0.041	3.27001162870722e-08
S100a4	1.67982439237075e-11	-0.65372633775602	0.537	0.11	3.35964878474149e-08
Spidr	1.69991668375337e-11	0.049808973322375	0.407	0.017	3.39983336750674e-08
Sema4f	1.86476561650757e-11	-0.0176394722740356	0.458	0.024	3.72953123301515e-08
Pstpip1	1.88220045958233e-11	0.00307964586847218	0.407	0.01	3.76440091916465e-08
Itm2a	1.90771023935722e-11	-0.138387110778048	0.546	0.11	3.81542047871443e-08
Col4a1	2.30956044560367e-11	0.0378800459488086	0.444	0.014	4.61912089120733e-08
Dbf4	3.31100564206224e-11	0.00719217351581158	0.384	0.003	6.62201128412448e-08
Pcdh9	3.55289714797527e-11	0.0613580354832985	0.454	0.017	7.10579429595054e-08
Dgkb	4.51929998885377e-11	-0.119410106749659	0.458	0.024	9.03859997770755e-08
Rbm27	4.63785214141698e-11	-0.141109431674497	0.477	0.048	9.27570428283396e-08
Dusp2	5.05583231176504e-11	0.00422570791848421	0.375	0	1.01116646235301e-07
Fsip1	5.10290746984338e-11	-0.0332577356642922	0.44	0.003	1.02058149396868e-07
Mbd5	6.01611454276913e-11	-0.0999410945177229	0.444	0.01	1.20322290855383e-07
Socs1	6.01611454276913e-11	-0.0438521002642802	0.444	0.01	1.20322290855383e-07
Ddit4l2	6.67433399101524e-11	0.000809058032293253	0.551	0.128	1.33486679820305e-07
Mis18bp1	7.01371514937895e-11	-0.0492714818123566	0.449	0.017	1.40274302987579e-07
Crabp2	7.19977675753892e-11	0.0726562988041639	0.449	0.014	1.43995535150778e-07
Stmn4	8.32235163670538e-11	0.0836181166632116	0.477	0.052	1.66447032734108e-07
Reg3a	8.47565105085976e-11	-0.0270169015437543	0.454	0.021	1.69513021017195e-07
Elovl2	9.08958510632474e-11	0.111682264043898	0.458	0.024	1.81791702126495e-07
Brinp2	1.17380683219458e-10	-0.0254919428897007	0.44	0.007	2.34761366438916e-07
Tnfrsf12a	1.25842959163511e-10	-0.0735690902340357	0.444	0.024	2.51685918327021e-07
Slco1a4	1.27537700302327e-10	0.0218980113509672	0.407	0.007	2.55075400604653e-07
Steap3	1.30461578905934e-10	0.0037481794911467	0.505	0.083	2.60923157811868e-07
Zfp52	1.33830982411347e-10	0.0137507104630794	0.375	0	2.67661964822694e-07
Gas7	1.34260435813381e-10	-0.0590092655933604	0.444	0.014	2.68520871626763e-07
Prpf40b	1.63766917750879e-10	-0.338235767163215	0.532	0.114	3.27533835501757e-07
Bglap	1.65296682348153e-10	-0.0872669970858965	0.431	0.014	3.30593364696306e-07
Cd3eap	1.89995681171285e-10	-0.0586909845193756	0.454	0.024	3.79991362342569e-07
Uba7	2.32084727296805e-10	-0.00553279173416135	0.435	0.003	4.64169454593611e-07
Zcchc12	3.00034375906068e-10	-0.341781926175188	0.463	0.038	6.00068751812136e-07
Bdnf	3.11020451689653e-10	0.708081347349939	0.62	0.197	6.22040903379307e-07
Calb2	3.24134565593367e-10	0.0445372947386734	0.375	0.003	6.48269131186734e-07
Daglb	3.66710310184054e-10	0.0790420927668104	0.449	0.017	7.33420620368108e-07
Oplah	3.95277056455031e-10	-0.0242069126491649	0.412	0.007	7.90554112910062e-07
Plcxd3	4.21572717706579e-10	0.073281726711345	0.579	0.155	8.43145435413157e-07
Gem	4.57578967575135e-10	0.024365538099454	0.431	0	9.1515793515027e-07
Sfxn4	6.88610862745656e-10	-0.0373375213268841	0.444	0.017	1.37722172549131e-06
Gpihbp1	7.18485507744537e-10	0.0305401593030413	0.356	0	1.43697101548907e-06
Slc1a1	8.05303116142643e-10	0.106183371313685	0.426	0.003	1.61060623228529e-06
Kctd14	8.85159526089301e-10	-0.0626801527469075	0.431	0.014	1.7703190521786e-06
Tfr2	9.83309734658406e-10	-0.00229214798999544	0.292	0	1.96661946931681e-06
Cdh19	1.16183809987427e-09	0.048209176784726	0.366	0.003	2.32367619974854e-06
Samd4a	1.27754441212017e-09	-0.0512352248426765	0.44	0.017	2.55508882424034e-06
Ccdc28b	1.29642896933947e-09	0.118479406061499	0.44	0.014	2.59285793867895e-06
Cfi	1.64136727904147e-09	-0.443277540910792	0.537	0.131	3.28273455808293e-06
S100a9	1.67669334415543e-09	-0.410977827662989	0.449	0.038	3.35338668831086e-06
Abca1	2.13244860879578e-09	-0.0756171106777908	0.431	0.007	4.26489721759156e-06
Tap1	2.15330323865107e-09	-0.0430022056381158	0.431	0.007	4.30660647730214e-06
Clmp	2.17883392278339e-09	-0.320671487975282	0.477	0.066	4.35766784556679e-06
Trpm8	2.32960320942898e-09	-0.215698448865372	0.458	0.045	4.65920641885795e-06
Casp3	2.35903075427766e-09	-0.0050730631470817	0.435	0.014	4.71806150855532e-06
Creb5	2.38191941294314e-09	-0.0371510670063219	0.435	0.014	4.76383882588628e-06
Rxfp1	2.513936647908e-09	-0.0445551675273255	0.417	0.01	5.02787329581601e-06
Tgds	2.5792650520446e-09	-0.0325632410826285	0.255	0.003	5.15853010408921e-06
Wls	2.87996531938309e-09	0.340577437991759	0.44	0.01	5.75993063876618e-06
Misp3	3.57867037411424e-09	-0.0773837155089342	0.426	0.014	7.15734074822847e-06
Ret	3.60368642079432e-09	-0.169398033254247	0.449	0.034	7.20737284158863e-06
Tmem100	3.77700948622878e-09	-0.0344598528927608	0.389	0.007	7.55401897245757e-06
Mab21l2	3.93028997060576e-09	-0.0310568415380306	0.407	0.007	7.86057994121153e-06
Fam46a	4.05498977439403e-09	0.118456036394018	0.426	0.003	8.10997954878805e-06
Rbp2	4.11376851516570e-09	0.0135504267195735	0.426	0.003	8.22753703033139e-06
Zfp608	4.13751139646789e-09	0.0456723976247967	0.407	0.003	8.27502279293579e-06
Itpkc	4.32459950324171e-09	0.0964991759999641	0.431	0.01	8.64919900648341e-06
Fam13c	4.53548934333075e-09	-0.1613752880454	0.431	0.01	9.07097868666151e-06
Tspan12	4.91704047482805e-09	0.286969711922661	0.468	0.052	9.83408094965611e-06
Abcb1b	5.1223557924795e-09	0.042537500742069	0.435	0.014	1.0244711584959e-05
Gja4	5.51199361718545e-09	0.0258936692977822	0.315	0	1.10239872343709e-05
Tyrp1	5.80916428458623e-09	-0.488730502378639	0.514	0.11	1.16183285691725e-05
Aebp1	6.63330031746317e-09	-0.0582916105851981	0.278	0.003	1.32666006349263e-05
Plcd4	8.52407770598042e-09	-0.041432666269867	0.426	0.007	1.70481554119608e-05
Tmem88	8.52407770598042e-09	-0.0577690185702882	0.426	0.007	1.70481554119608e-05
Dmd	9.17367440178942e-09	-0.277936223124091	0.477	0.069	1.83473488035788e-05
Ttc9b	1.22486680738319e-08	0.521001629148256	0.579	0.162	2.44973361476637e-05
Parp14	1.67503080822539e-08	0.110918247835085	0.366	0	3.35006161645079e-05
Tyk2	1.6952821450689e-08	-0.0537394318665072	0.264	0.003	3.3905642901378e-05
Pcdh17	1.71187664884607e-08	-0.209443800542527	0.477	0.072	3.42375329769214e-05
Fbln5	1.72524123887051e-08	-0.0643663311379292	0.426	0.01	3.45048247774103e-05
Npb	1.73316830540185e-08	-0.0226171362517169	0.426	0.01	3.4663366108037e-05
Slit3	1.75203475691636e-08	-0.000742718538926767	0.384	0	3.50406951383272e-05
Lime1	1.86994444998473e-08	-3.0461034821928e-05	0.264	0	3.73988889996946e-05
Tlcd1	1.93501858327388e-08	-0.246564030906396	0.458	0.048	3.87003716654776e-05
Cebpb	2.09503499928215e-08	-0.212187769607943	0.435	0.024	4.19006999856429e-05
Myl9	2.27598098196313e-08	0.0324240296599995	0.356	0.003	4.55196196392626e-05
Krt7	2.38437728716791e-08	0.300111401662496	0.44	0.014	4.76875457433582e-05
Lcn2	2.53903911116864e-08	-0.0856117000759168	0.398	0.014	5.07807822233729e-05
Lamp5	2.73585182978786e-08	-0.0382632466683306	0.597	0.197	5.47170365957572e-05
Pi16	2.79488477335085e-08	0.214785323073447	0.343	0	5.58976954670171e-05
Erf	2.84450890395936e-08	-0.00620684274227464	0.361	0.003	5.68901780791872e-05
Taf7	3.13653675655831e-08	-0.275018813174409	0.472	0.072	6.27307351311662e-05
LOC100912564	3.17881571027415e-08	0.0422535769947496	0.421	0.007	6.3576314205483e-05
Ptprz1	3.39779013642812e-08	-0.0226474967293942	0.426	0.014	6.79558027285623e-05
Kif11	3.76980600201717e-08	0.0127178763561497	0.287	0	7.53961200403434e-05
4-Sep	3.94614817791934e-08	-0.0365491569355321	0.435	0.028	7.89229635583869e-05
Mgst2	4.06999956122947e-08	-0.120951845836705	0.435	0.028	8.13999912245894e-05
Samd9	4.20550492384609e-08	-0.172094645976736	0.556	0.162	8.41100984769219e-05
Ado	4.63410865903144e-08	-0.00627557693433971	0.37	0	9.26821731806288e-05
Spats2l	4.92929094777983e-08	-0.589064674003679	0.509	0.117	9.85858189555965e-05
Aqp1	5.81117842563613e-08	-0.246541365524392	0.477	0.079	0.000116223568512723
Myo10	7.26137629803205e-08	-0.0211501890864272	0.366	0.007	0.000145227525960641
Hmgcs2	9.37979586028715e-08	-0.161112623853678	0.394	0.014	0.000187595917205743
Cmip	9.49742719467508e-08	-0.373890136490944	0.505	0.114	0.000189948543893502
Sys1	9.85347573756688e-08	0.131644316000424	0.449	0.038	0.000197069514751338
Ifi47	1.17923276386453e-07	-0.000977829667853439	0.421	0.014	0.000235846552772907
Chac1	1.19974118607532e-07	-0.0146545927598198	0.421	0.014	0.000239948237215064
Piezo2	1.22417057634404e-07	0.0376883714400137	0.426	0.021	0.000244834115268807
Fgf1	1.28608467006793e-07	-0.121326515878976	0.565	0.179	0.000257216934013586
Vti1a	1.29976766503428e-07	-0.144217090706162	0.426	0.021	0.000259953533006856
Sdc4	1.49249721623669e-07	0.0882077017604906	0.444	0.041	0.000298499443247337
Tomm40l	1.79423224723641e-07	-0.00232269780258334	0.407	0.003	0.000358846449447283
Ifitm2	1.95079686690257e-07	0.0554032942989848	0.523	0.124	0.000390159373380513
Smc2	1.95541946639662e-07	-0.158287738184252	0.449	0.045	0.000391083893279324
Adamts1	2.08050285415505e-07	0.0914229056823245	0.412	0.003	0.00041610057083101
Kctd1	2.08939534261092e-07	-0.00211276799930013	0.412	0.003	0.000417879068522184
Tmem138	2.08939534261092e-07	0.0144374541726863	0.412	0.003	0.000417879068522184
Ampd3	2.21781364507182e-07	0.253063321448115	0.412	0	0.000443562729014364
AABR07006860.1	2.27279060275907e-07	0.0710000412847691	0.417	0.007	0.000454558120551814
Myo3a	2.30361925476166e-07	-0.161551645763224	0.421	0.017	0.000460723850952332
Cst12	2.35214692279518e-07	0.0224259179857297	0.463	0.052	0.000470429384559036
Cd63	2.4265814154581e-07	0.152072042326207	0.509	0.117	0.00048531628309162
Tom1l1	2.44904769615391e-07	-0.0853592867417167	0.426	0.024	0.000489809539230781
Shisal1	2.55328869753939e-07	-0.0861747116939538	0.431	0.031	0.000510657739507879
Rassf4	2.65501874498451e-07	-0.0485762282071061	0.435	0.034	0.000531003748996901
Gnas	3.09955362948647e-07	-0.43989404618175	0.917	0.928	0.000619910725897294
Vamp5	3.54671602001775e-07	0.0362977400830987	0.407	0.003	0.000709343204003551
Nos3	3.75607476440126e-07	-0.00497367565574383	0.282	0.003	0.000751214952880253
Col6a5	3.90324683781687e-07	-0.0335108775790577	0.412	0.007	0.000780649367563374
Tra2b	4.0541503424503e-07	-0.404512718449671	0.477	0.093	0.00081083006849006
Plac9	4.15825746119536e-07	0.0853682162528816	0.417	0.01	0.000831651492239072
Kcnmb2	4.26403470574102e-07	-0.431062375562267	0.588	0.203	0.000852806941148205
Fbxo30	4.38959919932289e-07	-0.0112518108049211	0.421	0.017	0.000877919839864579
Apoe	4.50929319774571e-07	-1.04296762564943	0.625	0.655	0.000901858639549141
Ppp1r15a	4.51845338731612e-07	0.248572956221546	0.426	0.021	0.000903690677463224
Bex2	6.00057879445319e-07	-0.750362120777672	0.727	0.717	0.00120011575889064
Lmna	6.34235062554119e-07	-0.153988273394811	0.486	0.107	0.00126847012510824
Abcg2	6.77371335184547e-07	-0.0516680127821419	0.347	0.007	0.00135474267036909
Bmt2	7.08057099896194e-07	0.0166713690141444	0.384	0	0.00141611419979239
Cdh15	7.16071629263521e-07	-0.0815958630618759	0.417	0.017	0.00143214325852704
ENSRNOG00000055947	7.33642147255883e-07	-0.0912216128321807	0.417	0.017	0.00146728429451177
Erbin	7.39590746429057e-07	-0.114417305494192	0.417	0.017	0.00147918149285811
Cavin2	7.43453027073269e-07	0.182588071518035	0.412	0.007	0.00148690605414654
Nedd9	7.52555986469287e-07	0.0958739045170361	0.412	0.007	0.00150511197293857
S100a6	7.63694562346425e-07	-0.936954684286914	0.727	0.752	0.00152738912469285
Tmcc2	7.76693880114807e-07	-0.172587763724321	0.421	0.024	0.00155338776022961
Dgki	7.79026797824666e-07	0.0157379841672283	0.431	0.034	0.00155805359564933
Tnfsf15	7.90012600944829e-07	0.0131304833009416	0.264	0	0.00158002520188966
Cartpt	7.97341825379425e-07	-0.941287930617167	0.477	0.097	0.00159468365075885
Tox2	8.10304882639976e-07	-0.230582680876827	0.426	0.031	0.00162060976527995
RGD1309621	8.46643830729149e-07	-0.0492838104086404	0.431	0.031	0.0016932876614583
Ccl2	8.74192538434267e-07	0.392883102019152	0.569	0.2	0.00174838507686853
Faim2	9.50185758700084e-07	-0.363099525735091	0.579	0.21	0.00190037151740017
Mboat2	1.04021509867677e-06	-0.0340380281353652	0.361	0.01	0.00208043019735353
Fxyd6	1.11122361761947e-06	0.0312072982987018	0.319	0	0.00222244723523894
Slfn5	1.15421435518432e-06	-0.0775044248167446	0.384	0.01	0.00230842871036863
Scn1a	1.24836682682955e-06	0.0749275591284776	0.403	0	0.0024967336536591
Arl4a	1.24892221763766e-06	-0.364664547149251	0.583	0.217	0.00249784443527532
Mdk	1.25745274600563e-06	-0.00939553333116003	0.407	0.007	0.00251490549201126
Cd320	1.26246065188804e-06	-0.429470268785818	0.468	0.086	0.00252492130377607
RT1-A1	1.26715311263276e-06	-0.31420338253775	0.477	0.1	0.00253430622526553
Luzp1	1.38682067778416e-06	0.242579041945706	0.426	0.028	0.00277364135556831
Mrgprb4	1.4322822466617e-06	0.154631035204937	0.417	0.014	0.00286456449332341
Tuba4a	1.44912894785038e-06	0.432017524854244	0.597	0.217	0.00289825789570075
Myl12a	1.45592997881593e-06	-0.112374493166779	0.426	0.031	0.00291185995763186
Incenp	1.52095731418249e-06	0.240807306323669	0.44	0.041	0.00304191462836497
Akap1	1.83444856885544e-06	-0.0457288244631371	0.398	0.007	0.00366889713771088
Ccdc18	2.31153464669656e-06	0.00944141842626201	0.319	0	0.00462306929339312
Lcp1	2.3774528990637e-06	-0.0292393245991162	0.417	0.021	0.00475490579812739
Nsg1	2.40397250985527e-06	-0.222592328750636	0.463	0.086	0.00480794501971053
Gsta1	2.44376469835062e-06	-0.06957126132831	0.421	0.031	0.00488752939670125
Fam111a	2.50163821154102e-06	0.128230221615568	0.407	0.003	0.00500327642308203
Lrriq1	2.78687164286181e-06	-0.297575051712001	0.468	0.083	0.00557374328572363
Prdx6	2.80566983213025e-06	0.0343652041119165	0.449	0.062	0.00561133966426051
Tmbim1	2.89075807327612e-06	-0.0378625163629114	0.44	0.052	0.00578151614655225
Cpne5	3.27956895563842e-06	-0.270078675878586	0.44	0.059	0.00655913791127684
Taf4b	3.4436763792607e-06	0.0520611856108043	0.398	0.007	0.0068873527585214
Ebf1	3.94792966154175e-06	0.135685628412815	0.644	0.276	0.0078958593230835
Zfp691	4.08841911025121e-06	0.117843032954426	0.403	0.003	0.00817683822050242
Zbtb38	4.32124722435284e-06	0.112476131060957	0.421	0.024	0.00864249444870568
Mbp	4.55400068906067e-06	0.182660680731591	0.435	0.041	0.00910800137812135
Chga	4.78199821061489e-06	0.126562634882569	0.5	0.121	0.00956399642122978
Igfbp5	5.02602635209566e-06	-0.331632384252398	0.435	0.055	0.0100520527041913
Flt1	5.09102782681798e-06	0.00295327474854695	0.269	0	0.010182055653636
Reep5	5.8988684945589e-06	-0.386350897434306	0.907	0.924	0.0117977369891178
Usp53	6.61157528451319e-06	-0.00941121193435143	0.403	0.01	0.0132231505690264
Hmgb2l1	6.65517809482529e-06	-0.00919094328067963	0.407	0.017	0.0133103561896506
Polk	6.67969433655581e-06	0.0370452239549844	0.398	0.003	0.0133593886731116
Anxa8	6.83617961970082e-06	-0.24530909169401	0.412	0.024	0.0136723592394016
Syn2	7.01498239259561e-06	0.0412606827873163	0.528	0.155	0.0140299647851912
Rgcc	7.03443018127934e-06	-0.0304187643094105	0.407	0.014	0.0140688603625587
Edc4	7.07353957142614e-06	-0.000203743453269623	0.435	0.048	0.0141470791428523
Slc51a	7.21588163585148e-06	0.0849869110352648	0.417	0.024	0.014431763271703
Lrrfip1	7.65599818068087e-06	0.0896877266019822	0.431	0.041	0.0153119963613617
B3gnt2	8.87059131469002e-06	-0.283805161139379	0.5	0.134	0.01774118262938
Yars2	1.0825058344689e-05	-0.013345518741964	0.394	0.003	0.0216501166893779
Exd2	1.13310057060135e-05	-0.0958244093056414	0.403	0.014	0.0226620114120269
Agk	1.13621889755455e-05	-0.0119585053912749	0.398	0.007	0.0227243779510909
Knstrn	1.15417532628308e-05	-0.000337479105042938	0.394	0	0.0230835065256616
Fstl3	1.18676309467642e-05	0.00513239872809013	0.417	0.028	0.0237352618935284
LOC100360316	1.22464860979972e-05	-0.0979270894654455	0.421	0.038	0.0244929721959944
Adora1	1.22581204699397e-05	0.00771244847234036	0.352	0.003	0.0245162409398794
Rbks	1.24475189009234e-05	0.0969640629342488	0.403	0.007	0.0248950378018468
Cdc42ep3	1.26584594628433e-05	-0.14306865539166	0.426	0.048	0.0253169189256867
Btbd3	1.29015059875912e-05	-0.0815540729434995	0.435	0.055	0.0258030119751823
Ophn1	1.29930804538806e-05	-0.0161479081098453	0.417	0.024	0.0259861609077612
Serpine1	1.31210014760621e-05	0.0235148885276043	0.31	0	0.0262420029521243
Kcng1	1.44624629361688e-05	-0.187886943782257	0.491	0.131	0.0289249258723375
Fam83h	1.50400555177706e-05	0.00127636779712634	0.259	0	0.0300801110355412
Cd9	1.52463106438151e-05	-0.804745301012322	0.606	0.641	0.0304926212876302
Dgkz	1.56430451112603e-05	-0.542802958386644	0.463	0.097	0.0312860902225206
Calca	1.56619845589657e-05	0.287898224317572	1	1	0.0313239691179313
Slc17a6	1.64426379162541e-05	-0.156485056112489	0.264	0.107	0.0328852758325082
Pard3b	1.7493443398978e-05	-0.0166644525160715	0.343	0.003	0.0349868867979561
MGC108823	1.76425121353339e-05	-0.35416396911673	0.356	0.024	0.0352850242706677
Gpatch4	1.79565535458899e-05	-0.051168888650689	0.412	0.031	0.0359131070917798
Paox	1.87262810444312e-05	0.0978811872953723	0.412	0.024	0.0374525620888625
Nrxn2	1.89152759181891e-05	-0.368837853092526	0.486	0.124	0.0378305518363782
AABR07016578.3	1.92511356634987e-05	-0.0852938140356819	0.394	0.003	0.0385022713269974
Mxi1	1.95350533532637e-05	0.0723711373167648	0.384	0.021	0.0390701067065275
Runx1	1.9849289287289e-05	0.058677012346824	0.407	0.017	0.039698578574578
Fiz1	1.98807033592303e-05	0.00354098085836127	0.347	0.003	0.0397614067184607
Taf2	1.99312338587348e-05	-0.237059122004779	0.417	0.038	0.0398624677174695
Ets2	1.99312338587348e-05	-0.28309475163297	0.417	0.038	0.0398624677174695
Fabp3	2.00004479010345e-05	0.0979059898930102	0.417	0.028	0.0400008958020689
Hba-a2	2.26955641379851e-05	-0.258981276426356	0.431	0.059	0.0453911282759702
Fbln2	2.76877625366192e-05	-0.0553405979651352	0.343	0.01	0.0553755250732383
Slc39a8	3.06325443811235e-05	0.000108485516061687	0.296	0	0.061265088762247
Ccl3	3.08383154413551e-05	-9.58613555533042e-05	0.259	0	0.0616766308827101
Icam1	3.11299226456322e-05	-0.0308028178953382	0.37	0.01	0.0622598452912644
Vps52	3.24999864088248e-05	0.0236273215952113	0.389	0	0.0649999728176497
Zfp24	3.3027354975691e-05	0.155620566978781	0.412	0.024	0.066054709951382
Ly6e	3.34965179823077e-05	0.0204909206550763	0.542	0.169	0.0669930359646154
Slc18a2	3.39974677127493e-05	0.130829850397582	0.366	0	0.0679949354254986
Isl1	3.83601323549057e-05	0.072575157144838	0.269	0.09	0.0767202647098114
Cdh5	4.7830199173437e-05	0.00571781602713722	0.384	0.003	0.095660398346874
Fxyd1	4.94948481713659e-05	-0.160661188105887	0.426	0.059	0.0989896963427319
Slain1	5.18806276249473e-05	0.138969133486553	0.394	0.007	0.103761255249895
Nampt	5.25362809844028e-05	-0.0489384511951897	0.398	0.014	0.105072561968806
Ets1	5.2557240035704e-05	-0.0269901537143334	0.389	0.003	0.105114480071408
Txndc16	5.2557240035704e-05	-0.0536994247400166	0.389	0.003	0.105114480071408
Rims1	5.25646377134688e-05	0.229383963947017	0.444	0.066	0.105129275426938
Ddah1	6.51615869222054e-05	-0.226995596028708	0.273	0.11	0.130323173844411
Ccdc136	8.10081541169751e-05	-0.0817018839301384	0.551	0.21	0.16201630823395
Ppp1r42	8.29321969139759e-05	0.0353689731065007	0.389	0.007	0.165864393827952
Slc16a13	8.3480839318098e-05	-0.0587561050591751	0.389	0.007	0.166961678636196
Trmt13	8.44023190443716e-05	-0.00147618816984546	0.403	0.021	0.168804638088743
Lyz2	8.45830987973186e-05	-0.0200415749810784	0.347	0.017	0.169166197594637
Ywhah	8.83731719683769e-05	-0.435359004276623	0.796	0.797	0.176746343936754
Serpine2	8.98162763483343e-05	0.00185903009640816	0.366	0.007	0.179632552696669
Tubb5	9.61668581267538e-05	-0.396024909884528	0.833	0.786	0.192333716253508
LOC108351137	0.000106975451694901	-0.338591867764762	0.884	0.903	0.213950903389803
Brwd3	0.0001177449134684	0.0683515620501811	0.259	0	0.2354898269368
Jazf1	0.000128367600235895	-0.152613655290604	0.394	0.017	0.25673520047179
Xk	0.000130314299862584	0.0075467871951745	0.389	0.01	0.260628599725168
Adam11	0.000136456643596396	-0.00798393510894211	0.384	0.003	0.272913287192792
Otc	0.000138484788411931	0.154077501080034	0.389	0.007	0.276969576823863
Ndc80	0.00014046905236538	-0.0440563362411191	0.333	0.003	0.28093810473076
Dusp6	0.000145500884342044	0.142550803562002	0.384	0	0.291001768684089
Dgkh	0.0001538855129192	0.297362388610216	0.509	0.152	0.3077710258384
Phlda1	0.000157321284968703	0.108996009719761	0.412	0.045	0.314642569937405
Galnt3	0.000157905198035833	0.040326295549356	0.361	0	0.315810396071666
Cdca8	0.000163162020555863	0.120541803126249	0.37	0.007	0.326324041111726
Pxdc1	0.000163526317179524	0.00576042711748959	0.25	0	0.327052634359048
Ifi27	0.000163635612823548	0.475787345666666	0.958	0.817	0.327271225647097
Calm1	0.000173003215514925	0.202785481086102	1	0.993	0.34600643102985
Tmem45b	0.000178472532177717	-0.021662854285279	0.421	0.052	0.356945064355433
Ntrk2	0.000188250096930761	-0.0172816991096606	0.398	0.028	0.376500193861522
Uck2	0.000197882005284414	-0.210621611327013	0.403	0.031	0.395764010568829
Fos	0.000201997255403674	0.107645176350724	0.481	0.145	0.403994510807348
Acsl4	0.000214869769561479	-0.481622692486987	0.421	0.062	0.429739539122958
Kcnk2	0.000219521288272274	-0.154111275427496	0.449	0.09	0.439042576544549
Itsn1	0.000222946983392346	0.177911987752957	0.384	0.003	0.445893966784691
Ak5	0.000223642203421046	0.130076056737857	0.384	0.003	0.447284406842092
Spp1	0.000234527910957287	-0.241255839863283	0.259	0.072	0.469055821914574
P2rx3	0.000251768096911248	-0.0858292417340401	0.444	0.093	0.503536193822495
Eif2ak2	0.000271969221445478	-0.0987667175461233	0.25	0.041	0.543938442890955
Cst3	0.000272026071914198	-0.406621889958698	0.838	0.831	0.544052143828395
C1qtnf1	0.000272959186194919	-0.0154833742584702	0.412	0.048	0.545918372389838
Pdlim2	0.000300114644040263	-0.189488972167569	0.259	0.052	0.600229288080527
Scn3b	0.000304592540287009	-0.14950669706402	0.407	0.038	0.609185080574018
Mtmr2	0.000308541571294417	-0.0856266419374631	0.389	0.017	0.617083142588834
Slc7a14	0.000314623463353642	-0.362576096169697	0.426	0.069	0.629246926707284
Tjp1	0.000320910707467558	0.070032519618588	0.389	0.014	0.641821414935115
Dnmt1	0.000324809004258518	-0.0866665769212509	0.389	0.014	0.649618008517036
Hmmr	0.000328111000326178	0.146674218104099	0.398	0.021	0.656222000652357
Tfpi2	0.000334963422569395	0.0569989472522733	0.38	0.003	0.669926845138791
LOC691995	0.000335051215545919	-0.18557317548252	0.5	0.155	0.670102431091839
Spc24	0.000335984281626942	0.0655715905187964	0.38	0.003	0.671968563253884
Atp1b1	0.000337568997870527	-0.916122064003709	0.481	0.448	0.675137995741055
Mt3	0.000338992815535086	-0.262327794238484	0.949	0.962	0.677985631070173
Hoxd10	0.000379880238234711	-0.014141923197121	0.306	0.003	0.759760476469421
Ano4	0.00038092429006673	0.169983755020158	0.375	0.017	0.761848580133459
Cdh2	0.000405247983714063	0.322570821499002	0.523	0.179	0.810495967428126
Masp1	0.000410698024349964	0.00159334592607441	0.403	0.038	0.821396048699928
Nptxr	0.000411514108736256	0.135524051914453	0.417	0.048	0.823028217472513
Tpm1	0.000425136044786012	0.352968192188461	0.569	0.224	0.850272089572023
L3mbtl3	0.000426111388980498	0.0133704703460528	0.287	0.003	0.852222777960996
Slc7a6os	0.000445057596610571	-0.0546376078714593	0.477	0.131	0.890115193221141
Csrp1	0.000446383322121249	0.0625943682868905	0.389	0.021	0.892766644242498
Arhgap15	0.000454177663457194	0.0164856260382819	0.407	0.038	0.908355326914388
Crem	0.000463633737972859	-0.0799829367199323	0.255	0.052	0.927267475945718
Parp9	0.000472887449089163	-0.166271660958523	0.255	0.045	0.945774898178325
Ap1s2	0.00047609730906234	-0.448601139087661	0.639	0.307	0.95219461812468
Arhgef18	0.000478093939203062	-0.157910804562228	0.38	0.01	0.956187878406124
Ecm1	0.00050054328526875	0.041812443182688	0.38	0.007	1
Cd74	0.000505043082218797	0.0243611203326081	0.25	0.003	1
Hoxc8	0.000506494160010499	-0.062738638819318	0.38	0.007	1
Tmem233	0.000532095349905444	-0.000965710504370221	0.278	0.066	1
RGD1560028	0.000538041297484067	0.0258323550356171	0.38	0.003	1
Ccnd1	0.000549908365067795	0.108749898167548	0.25	0	1
Olfm1	0.000568720775243311	0.10712518175588	0.583	0.255	1
Spock2	0.000578227270961584	0.128985576972342	0.25	0.031	1
Cd55	0.00065224915042455	0.619867283257301	0.63	0.31	1
Stx1a	0.000656987599825979	-0.143387439817765	0.394	0.031	1
Stk32c	0.000684201060306815	0.118318753480584	0.389	0.021	1
Acads	0.000686157426948755	-0.0723983875921715	0.389	0.024	1
Ppfibp2	0.00068755569682992	-0.0822822448947437	0.273	0.076	1
Rhoj	0.000728321843862498	-0.0582442673217977	0.347	0.01	1
S100b	0.000736587651730186	-0.816722558171606	0.519	0.469	1
Mid1ip1	0.000797183386043056	-0.260071693518896	0.537	0.21	1
Socs2	0.000846769223358966	-0.0656053492479803	0.25	0.024	1
ENSRNOG00000030871	0.000863206677761021	-1.96485786070974	0.611	0.283	1
Pold4	0.000888865879649897	0.575291049195076	0.435	0.066	1
Etv1	0.000889914632362954	0.19350705246403	0.269	0.052	1
Ebi3	0.000892956483029808	-0.0186614037589557	0.356	0.007	1
Myo1b	0.00094556129468651	-0.0921415624654042	0.394	0.034	1
Celsr2	0.000990898059262043	-0.164251615896435	0.338	0.01	1
Cdkn1a	0.000993061277928749	-0.339915915681653	0.421	0.076	1
Pcp4	0.000998894178798263	-0.444356331249193	0.412	0.059	1
Glrx	0.0010117898198455	-0.0330915385810625	0.264	0.052	1
Ndrg1	0.00105311880866772	-0.0980372296731387	0.384	0.021	1
Tmem130	0.00105662174753427	-0.480072302034689	0.769	0.69	1
RT1-CE10	0.00106430741853404	-0.102146213754081	0.435	0.093	1
Peg3	0.00109222190477005	-0.251208617715085	0.648	0.324	1
Drgx	0.00109841982022197	0.153836453124361	0.519	0.176	1
Hsp90b1	0.00113074378723773	0.110715470618842	0.681	0.359	1
Creld2	0.00113793882482992	0.0930879501425274	0.384	0.014	1
Rbl2	0.00115386947363085	0.0119094943059411	0.375	0.007	1
Pafah1b3	0.00118579759868687	-0.1907077171647	0.329	0.159	1
Glul	0.00119166512604044	0.0452907478788814	0.259	0.038	1
Hspb1	0.00120317017279585	-0.582811151590703	0.722	0.669	1
Dgat1	0.00120490301822892	0.0933051082949612	0.38	0.007	1
Egr1	0.00124757846922437	-0.0241784391794078	0.398	0.045	1
Fgl2	0.0012735706957983	0.00444496122772353	0.403	0.048	1
Susd6	0.00129225995876315	-0.256630590509125	0.519	0.2	1
Snorc	0.00133371671592713	0.466894591783566	0.407	0.038	1
Gadd45b	0.00133736638021531	-0.203244903851746	0.273	0.076	1
Sfrp5	0.00138256933643016	-0.0462136215542766	0.366	0.014	1
Slc39a10	0.0013833471150946	0.0131913962159024	0.403	0.041	1
Cby3	0.00138787058120742	-0.044792295365275	0.352	0.003	1
Nrsn1	0.0014986370150635	-0.3583321715822	0.523	0.2	1
AABR07068127.1	0.00150838400687222	-0.122484038696476	0.384	0.024	1
Limd2	0.00154803015668457	-0.0655850610967379	0.426	0.079	1
Mok	0.00163484919049463	0.0672281313914595	0.384	0.017	1
Taf1b	0.00165574725164356	-0.00907487702204979	0.375	0.01	1
Ctnnal1	0.00175212026156138	0.0391684032367594	0.375	0.007	1
Jag1	0.00176154404141068	0.0513612415509034	0.37	0.003	1
Dync1i2	0.00183427049739666	-0.322220909104837	0.87	0.876	1
Slc9a3r2	0.00184213049722783	0.0951312247871207	0.407	0.048	1
Palmd	0.00188641037158649	0.0933728974757512	0.449	0.11	1
Mxd4	0.00194200393597822	-0.204144481346936	0.407	0.059	1
Ckmt1	0.00197528908695492	-0.191123374759979	0.421	0.072	1
Cxxc5	0.00227981913529013	0.0107596595539072	0.255	0.021	1
Lrrtm2	0.00235950930314074	-0.1414912406049	0.25	0.014	1
RGD1566099	0.00240755766899805	0.0334105839143582	0.264	0.028	1
S100a11	0.00250110429293311	-0.295278555934022	0.824	0.897	1
Ftl1	0.00262984516307	-0.354960679314028	0.597	0.272	1
Rcan1	0.00265872462414312	-0.216982033807413	0.412	0.069	1
Trib1	0.00266989069643218	0.0680347799780339	0.37	0.003	1
Kcnq5	0.00270900771556998	-0.024182429030836	0.407	0.055	1
Cdkl1	0.00271439393005181	-0.245130155808801	0.269	0.052	1
Sec14l1	0.00273124051620119	-0.1530458721704	0.403	0.052	1
Nmt2	0.0028360327220574	-0.338973631693084	0.398	0.052	1
Dusp1	0.00297106241904692	0.227177079575298	0.255	0.017	1
Tmem47	0.00303037980798859	0.209859811608649	0.264	0.024	1
Top1	0.00309850299785087	-0.0789154794398865	0.301	0.117	1
Tmem229b	0.00312613384811464	0.133649627034382	0.384	0.024	1
Zfp36l1	0.00314268999653169	0.0329022827296763	0.38	0.024	1
Fstl1	0.00331852951925757	-0.280137850907904	0.838	0.859	1
Rbfox3	0.00334565569751158	-0.306713676079696	0.361	0.221	1
Hes1	0.00352124081321012	-0.066628804999274	0.278	0.076	1
Arhgef7	0.00357054832436873	0.00707268189489405	0.296	0.003	1
Eif4ebp3	0.00359053755939288	0.00421714662822437	0.417	0.066	1
Cwc22	0.00364698129373165	-0.0794626816411901	0.25	0.007	1
Bambi	0.00366548808406045	0.0856006685946451	0.25	0.007	1
Map1b	0.00371981491689527	-0.304313291981798	0.907	0.903	1
Rhob	0.00381805084438066	-0.0593229681555754	0.269	0.041	1
Snap25	0.00384589704097385	-0.345303861078745	0.759	0.683	1
Pnma8b	0.00391341435450534	-0.353227397532606	0.407	0.066	1
Ccdc34	0.00404155161260745	-0.0139090162504267	0.389	0.034	1
Ulk2	0.00419975459004346	0.127752994949188	0.259	0.017	1
Aak1	0.00445731406237089	-0.0188387904179282	0.384	0.028	1
Il6	0.00448333008983103	-0.0425132072712613	0.352	0.007	1
Rasl11a	0.00454038707807486	0.180946760337343	0.25	0.003	1
Lmo4	0.00456360164500324	-0.102953776979397	0.375	0.021	1
Rab6b	0.00458733620064239	-0.355454503116216	0.755	0.697	1
Phgdh	0.00459730897218572	-0.0563140609549274	0.375	0.021	1
Arid5b	0.00479593230011823	0.0509315548108287	0.403	0.059	1
Myc	0.00481760747129524	0.12739251106549	0.259	0.021	1
Elf1	0.00485782308605003	-0.0235462819310885	0.37	0.014	1
Naa60	0.00490277689226297	0.115295723836965	0.366	0.01	1
Rab37	0.00490567969901227	-0.0292716488470256	0.255	0.014	1
Apold1	0.0050337151635538	0.00229249691959014	0.356	0.003	1
Ncdn	0.00504376200096003	-0.69277560479819	0.569	0.483	1
Ppp1r14a	0.00513261082538772	0.0900600157528122	0.37	0.01	1
Pnma8a	0.00521956007005295	-0.0357491613165593	0.366	0.007	1
AC134224.3	0.00542872962713238	-0.342869243833481	0.861	0.866	1
LOC100912195	0.00550124909002085	-0.700024655983949	0.644	0.541	1
ENSRNOG00000032605	0.00558453254817149	-1.1630157445292	0.602	0.297	1
Serpinb1a	0.00568723535489192	-0.193539361173094	0.611	0.314	1
Scd2	0.00595649579966831	-0.590370576561538	0.657	0.566	1
Rnf125	0.00622427536112366	0.357582784517128	0.403	0.052	1
AY172581.9	0.00645562851623116	-0.385066917764662	0.889	0.931	1
Gpr22	0.00660106529168232	0.0122924747783607	0.37	0.017	1
Tes	0.00660404014259778	0.135908184886998	0.315	0.114	1
Tdh	0.00664821351445917	-0.000749806761017616	0.37	0.017	1
Nap1l5	0.00673569633164304	-0.0796396534120052	0.676	0.379	1
Ramp2	0.00683062859861706	-0.274777304315299	0.375	0.228	1
Hspa5	0.00689470765768841	0.137146150864392	0.657	0.352	1
Hist2h2aa2	0.00697033219678105	-0.231045940289948	0.412	0.076	1
Nr1d1	0.00711982970269092	0.0500767190686778	0.259	0.014	1
Tipinl1	0.0071403407658069	-0.0543436402714985	0.366	0.01	1
Scrt1	0.0071403407658069	-0.121864224542717	0.366	0.01	1
RGD1359508	0.00719034527051403	0.0130685864467614	0.361	0.007	1
Ramp3	0.00719787292685172	-0.605042121599313	0.486	0.176	1
Gal	0.00726185676151785	-0.739958903149044	0.444	0.124	1
Snca	0.0072793892337223	-0.393429342668573	0.5	0.21	1
Rbbp6	0.00772477341233032	-0.409460535165018	0.343	0.172	1
Stmn1	0.00800632378125405	-0.388824897453124	0.745	0.672	1
Sbsn	0.00855968536628752	0.237938734283578	0.329	0	1
Prph	0.00875256505100478	-0.217540438040925	0.907	0.903	1
Klf6	0.00920506016724493	0.094677368284555	0.426	0.097	1
Bcr	0.00956863769019277	0.0205146307575274	0.259	0.014	1
Nppa	0.00956863769019277	-0.101244828920473	0.259	0.014	1
Hebp2	0.00960692193156815	-0.0619998854682715	0.481	0.176	1
Unc13c	0.00961914038982105	-0.254222977383155	0.273	0.041	1
Ccne2	0.00963454292379368	-0.111795962433111	0.366	0.014	1
Polr3f	0.00965660109374215	-0.0687432927074602	0.366	0.014	1
Adcy3	0.0096695720083851	-0.0431380859111578	0.269	0.031	1
Grik1	0.00986403254312416	-0.22562043918177	0.394	0.059	1
Basp1	0.00999689949359351	-0.550065954865811	0.694	0.583	1
Flrt3	0.0101345833130164	-0.0148863446818766	0.264	0.024	1
Sac3d1	0.0102437267667198	0.0435760878395783	0.361	0.007	1
Ddit3	0.0102897694774146	0.535824788284479	0.468	0.141	1
Plcl2	0.0103141275576028	-0.0445676930934325	0.361	0.007	1
Ppp1r1a	0.0105146429886882	-0.0940913874634162	0.394	0.048	1
Chd1	0.01058506389802	-0.00142945368473951	0.384	0.038	1
Dlat	0.01058506389802	-0.314515203239854	0.273	0.045	1
Tfpi	0.0109901347727856	-0.164828803011946	0.273	0.045	1
Nusap1	0.0111126775915162	7.74792254042503e-05	0.255	0	1
Fcgbp	0.0111126775915162	0.0176780245193024	0.255	0	1
RGD1311251	0.0111126775915162	0.0263937926551012	0.255	0	1
Neurl4	0.0111126775915162	0.0353411054552074	0.356	0	1
Ahsp	0.0111126775915162	-0.000416733009682923	0.255	0	1
Ifi27l2b	0.0111204815535781	-0.4106849216902	0.81	0.734	1
Acpp	0.0115086106315042	-0.242633599799733	0.417	0.083	1
Ubc	0.0115140557359737	0.159807346379182	0.606	0.338	1
Tiparp	0.0116998128832915	0.226505576842215	0.375	0.024	1
Rhoc	0.011856204808252	0.167522148515231	0.292	0.069	1
Ptprn	0.0123525998139509	-0.0746125307652368	0.463	0.152	1
LOC498122	0.0126076108030347	0.00842571249052365	0.264	0.021	1
Xaf1	0.0137559651069639	-0.0865052005171033	0.361	0.01	1
Rtn1	0.0138352825311854	-0.267350128567692	0.903	0.886	1
Id2	0.014230636210134	0.111788063758808	0.412	0.079	1
Slc25a4	0.0144604513459246	-0.164523515295663	0.949	0.979	1
Pianp	0.0144819725244395	0.152876633399859	0.269	0.024	1
Hmox1	0.0147973236960206	-0.110592511429291	0.375	0.034	1
Nrn1	0.0148696379414881	0.0283702892323761	0.546	0.252	1
Rdm1	0.0153135886221397	0.0843574493037408	0.361	0.003	1
Usp1	0.0156861619737873	-0.0142788486794191	0.264	0.01	1
Bad	0.0162119822784022	0.208445131222433	0.287	0.052	1
Panx3	0.0167198113136105	-0.0352646204800097	0.255	0.003	1
Nrp1	0.0167206293484216	-0.0442731658391002	0.366	0.021	1
Cmpk2	0.0167473582642488	-0.0483412352340179	0.269	0.021	1
Rasef	0.0173198150768339	-0.102956840292663	0.259	0.003	1
Sat1	0.0178551103911755	-0.0976155013182796	0.296	0.076	1
RGD1564664	0.018363849509697	-0.389915753992895	0.352	0.172	1
Marcks	0.0185322465672677	-0.594511741946604	0.44	0.131	1
Ldb2	0.0186471076615783	0.00950314999428326	0.699	0.4	1
Trpv1	0.0189302321196396	-0.18593421050837	0.602	0.321	1
Arid3a	0.0193943848777803	-0.0104811682053278	0.356	0.007	1
Lef1	0.0194355122504231	-0.084211117202048	0.356	0.007	1
Trappc3l	0.0195814856821487	-0.0934798159196071	0.278	0.045	1
Mboat4	0.0204672127686592	0.0587171192474474	0.356	0.003	1
Susd2	0.020564016110841	0.150065700649081	0.532	0.234	1
Fcer1g	0.0209841900778815	0.0217859159128386	0.259	0	1
Spc25	0.0209841900778815	-0.00295206212823426	0.259	0	1
Casr	0.021110488122292	-0.229345582961507	0.375	0.034	1
Ugt1a7c	0.0214374125901966	0.149514819387319	0.37	0.024	1
Fxyd7	0.0215698257004041	0.015989188632255	0.546	0.248	1
Fam188a	0.021696492424989	-0.126254898893297	0.528	0.238	1
Tubb3	0.0217208414369838	-0.146995131886532	0.912	0.876	1
Samhd1	0.0231318160315852	-0.013240264180245	0.259	0.003	1
Btg1	0.0231743130091584	0.0346907147867909	0.269	0.021	1
Myo5a	0.0234263455332638	-0.0672245978894113	0.671	0.376	1
AABR07073134.1	0.0239279551605774	0.078992611936031	0.264	0.003	1
Mgst3	0.024336837814571	-0.319848911838167	0.519	0.21	1
Map2	0.0249154871378998	-0.453364861510305	0.407	0.272	1
Patj	0.0249324181572427	0.03013995656745	0.356	0.01	1
Dek	0.0252313037206539	0.000370445248781048	0.296	0.072	1
Mt1	0.0255832555406654	0.0266002656915881	0.37	0.034	1
Exoc1l	0.026014833801571	0.0401167394215357	0.273	0.024	1
Slc16a2	0.0261716006562073	0.0081587344124785	0.25	0	1
Btc	0.0262125725970477	-0.0506776603543515	0.264	0.007	1
Haus8	0.0268616892327572	-0.158455181952881	0.269	0.017	1
Tdo2	0.0269700802935551	0.403931982098495	0.361	0.007	1
Nrarp	0.0272195114906869	0.0295038090623078	0.352	0.003	1
Bpgm	0.0274978053007916	0.202862282176319	0.301	0.069	1
Kif5a	0.0276476875250989	-0.06772860425195	0.727	0.434	1
Dag1	0.0280286724370318	-0.0910414267605007	0.333	0.014	1
Tob1	0.0281311708643651	0.0564998349058418	0.269	0.017	1
Ppp2r2b	0.0288656085911754	0.169875185622216	0.593	0.314	1
Pip5k1b	0.0292579723671754	-0.564164985150256	0.292	0.062	1
LOC102552182	0.0295080488831715	-0.187999969471973	0.315	0.086	1
Ptn	0.0304555299135577	-0.542155299715115	0.523	0.417	1
Arl13b	0.0305866906801322	-0.123165871346449	0.361	0.021	1
Calml4	0.0306478514528771	-0.219833306986881	0.333	0.141	1
AC131360.1	0.0315237908087848	-0.0292911147443448	0.264	0.003	1
Perp	0.0324423523216452	-0.082407775582179	0.356	0.014	1
Tpx2	0.0325709400155525	0.170487282939101	0.361	0.014	1
Marveld2	0.0326990584232168	0.0234820933869452	0.333	0.003	1
Csrnp1	0.0335771607040887	0.00647372410957096	0.329	0	1
Bag3	0.0335856220559451	-0.304403462840059	0.296	0.066	1
Ndufa4	0.0337559819405011	-0.171412512521406	0.838	0.817	1
Elmsan1	0.0348741274863507	-0.0902784473018632	0.352	0.007	1
Brd3	0.0349424145440667	0.0271084403375933	0.352	0.007	1
Fam89a	0.035562639538137	-0.655096089965041	0.366	0.193	1
Pmp2	0.0364702320497952	0.0163337794154949	0.347	0.021	1
Shprh	0.0365543261519738	0.107717785745894	0.273	0.017	1
Klf13	0.0367355100320376	-0.00814251568859337	0.412	0.093	1
Cep57l1	0.0371009824450101	0.18427632850904	0.37	0.028	1
Cebpd	0.0373559043297538	-0.236262727791968	0.287	0.048	1
Rnf168	0.0373750438435955	0.0318592259881816	0.366	0.028	1
Thy1	0.0375311756596061	0.152803472166105	0.606	0.321	1
Tubb2a	0.0377609665387012	-0.399915042533199	0.759	0.634	1
Ccdc146	0.0377644602929398	0.00104990489788989	0.264	0	1
Fjx1	0.0377644602929398	0.0257769397625049	0.264	0	1
Syt3	0.0377644602929398	0.0289122747917579	0.347	0	1
Mrap	0.0383316950847605	0.0294762560230968	0.319	0.007	1
Fibin	0.0388548892036871	-0.173929150161779	0.384	0.059	1
Cnmd	0.0388773736026532	-0.134726200991673	0.361	0.024	1
Atp2b4	0.0391277557964623	0.190708665681458	0.407	0.072	1
Hsph1	0.0393374638496624	-0.141339675222038	0.542	0.259	1
RGD1312005	0.039789042684769	-0.614427805104674	0.449	0.148	1
Scg2	0.0399554340326674	0.349836079418006	0.792	0.583	1
Bcat1	0.04113743243603	-0.635752133397927	0.523	0.4	1
Cnn3	0.0444947928191976	-0.0974521168983826	0.306	0.072	1
Cib2	0.0447102102181402	-0.0528704087302452	0.588	0.321	1
Nrde2	0.0451140331050181	-0.199708868819596	0.37	0.038	1
Klf3	0.0452646791654861	0.064009697350402	0.356	0.01	1
LOC108348108	0.0453855119252166	0.00765365142347946	0.282	0.034	1
S100a3	0.0463023200736738	0.0354514611700421	0.269	0.007	1
Fam181b	0.0465981257894166	0.0184800054933092	0.287	0	1
Fosb	0.0474412181304254	-0.107838628870611	0.278	0.028	1
Ralgps2	0.0478969379302741	-0.254071167900764	0.537	0.255	1
Fermt2	0.0484923744702412	-0.0233563943164324	0.398	0.083	1
Leprot	0.0486942237311937	-0.19427854773289	0.444	0.138	1
Uap1	0.0487097125011247	-0.0912769353169541	0.264	0.01	1
Adcyap1	0.0500706436412224	0.121409868466925	0.764	0.493	1
LOC102548682	0.0503856801475572	0.168819338329281	0.347	0	1
LOC103694872	0.050881109432757	0.120271739691158	0.616	0.352	1
RGD1563056	0.0516799941020038	0.00105241010281044	0.259	0	1
Fth1	0.0517068239746343	-0.161581584844441	0.954	0.969	1
Ick	0.0523967519486842	-0.192359238471594	0.356	0.021	1
Ap1g2	0.0541584791072784	-0.0109443528185569	0.273	0.003	1
Nktr	0.0541724324859527	-0.232029233722277	0.375	0.048	1
Ezr	0.0545799558334265	0.288326716929942	0.282	0.021	1
Filip1	0.0546796890550324	-0.321155940480031	0.287	0.045	1
Sst	0.0550792543023763	-0.0546657103352781	0.366	0.038	1
Mef2c	0.0556656716723297	-0.0479477772284845	0.273	0.014	1
Rcan2	0.055867400761294	-0.0346163116896998	0.273	0.014	1
Sp110	0.0560038427430817	-0.496247266939453	0.431	0.128	1
Iapp	0.056644651639765	-0.0199345637333524	0.259	0.007	1
Ndn	0.0583780966236838	-0.32497962097451	0.634	0.538	1
Sncb	0.0586401499748836	0.283208004410096	0.412	0.086	1
Chrm2	0.0590170613572972	-0.12141036484835	0.366	0.034	1
Tuba1a	0.05989218030911	-0.118991681356452	0.995	1	1
Selenom	0.0612537643318514	-0.492864264615776	0.523	0.383	1
Ngfr	0.0613080313665733	-0.0568262014647396	0.477	0.193	1
Mturn	0.0621816067496018	-0.168028061525831	0.315	0.09	1
LOC103690028	0.0640602322690173	-0.101763859993787	0.296	0.048	1
Rarres1	0.0643152228304605	-0.510635817353298	0.417	0.252	1
Dbndd2	0.0643883970291838	-0.219885395671759	0.551	0.276	1
Anxa1	0.0643887682390833	0.171040483497096	0.296	0.052	1
Hdac1	0.0647099936786951	-0.196622865753015	0.292	0.052	1
Ppp1r1c	0.0648545576171083	-0.34622182814776	0.722	0.607	1
Tmie	0.0656986956136829	-0.0386987367277396	0.273	0.01	1
Ada	0.0659523778612661	-0.136148544453466	0.287	0.041	1
Lonrf2	0.066441435258384	-0.167308251172913	0.37	0.048	1
Atf3	0.0674222365632134	0.0951595241890668	0.44	0.152	1
Rbfox1	0.0677431945641671	-0.273330529343324	0.394	0.221	1
Hist1h1e	0.0686938897937393	-0.0593810565175601	0.347	0.128	1
Jmjd1c	0.0703287158822975	-0.310192851949795	0.296	0.055	1
Cryab	0.0708690923711926	-0.401920503310685	0.306	0.079	1
Mdm2	0.0713190769845138	0.163241378346348	0.287	0.021	1
Pcbd1	0.0728347057961552	-0.0133715843161801	0.597	0.328	1
Arntl	0.0735837971459301	-0.0196896145928063	0.324	0.003	1
Meis1	0.0739447480585668	0.0258328330020478	0.315	0	1
Dbi	0.0751581564838376	-0.618343973437212	0.523	0.386	1
Gstm1	0.075178398798378	0.00865934964656856	0.449	0.148	1
Ctps1	0.0767078355918108	-0.227678424221739	0.292	0.048	1
Dclre1a	0.0772354577784179	-0.0430702664063129	0.273	0.007	1
Prdm8	0.0799384026508084	0.0490654572092987	0.343	0.003	1
Rit2	0.0802006244365411	-0.127277313708337	0.56	0.3	1
Fgf12	0.0810981899419783	-0.127700836645312	0.319	0.093	1
Sgo2	0.0816591692114775	0.000415403075965067	0.282	0	1
Igfbp7	0.082059174868054	0.00698385439127658	0.366	0.045	1
Tppp3	0.0822399331362479	-0.137506476573437	0.81	0.731	1
Ttll7	0.0834528989997299	0.278194379101788	0.676	0.421	1
Mrgprx3	0.0840495376307289	-0.2273587969797	0.37	0.052	1
Maip1	0.0855264091503129	0.0755707743949013	0.278	0.01	1
Ccl7	0.0861011843433598	0.29599253533088	0.278	0.01	1
Sh3bgrl3	0.0895453484636915	0.176315765062451	0.981	0.976	1
Id1	0.0911972118528982	0.114778980101182	0.273	0.003	1
Resp18	0.0919901063240442	0.0800850564756264	0.718	0.493	1
Asic1	0.0929019431329301	-0.265694617072216	0.333	0.121	1
Nfkbia	0.0933635714791639	-0.0479736457917656	0.319	0.097	1
Dad1	0.094054650522809	-0.111513738931858	0.644	0.393	1
Foxs1	0.0943896157888807	0.00102038256676212	0.259	0	1
Heatr5a	0.095572202399319	-0.0957001522832388	0.347	0.01	1
Cntnap4	0.0963688215890818	0.000508034936301594	0.25	0	1
Pkib	0.0964901581465473	-0.411473182924997	0.352	0.145	1
Mitd1	0.0965550008694174	-0.0596241074065134	0.375	0.055	1
LOC100909712	0.0974788130037236	0.0794746516002248	0.384	0.069	1
Best1	0.0975870683869	-0.993211055771746	0.574	0.297	1
Hcn2	0.0983442811444205	-0.140252605217368	0.343	0.007	1
AC128848.1	0.0987372002080931	0.0625305790662204	0.366	0.048	1
Gadd45g	0.100495739557039	-0.0716933698995662	0.403	0.11	1
Plxnc1	0.102319773528071	0.0153657452979349	0.329	0	1
Pdp2	0.102391299716655	-0.269597110949567	0.292	0.041	1
Stmn2	0.103715403047349	-0.0566644213103853	0.995	0.997	1
Slc3a2	0.103874515461399	-0.394683140709244	0.412	0.117	1
AABR07017159.1	0.104255015828862	-0.000430307646709717	0.333	0	1
Pcp4l1	0.106737851840594	-0.0137820262702428	0.278	0.01	1
Zfp287	0.10744444884729	-0.017254613760329	0.352	0.021	1
Fxyd2	0.107812821984974	-0.386330433231455	0.782	0.676	1
Asic3	0.108152028231446	-0.29867375365243	0.366	0.162	1
Rnd3	0.110878881154795	0.0743533107273002	0.375	0.059	1
Micu3	0.111494953418478	-0.0920664759200653	0.472	0.19	1
Cenpe	0.111718850974273	-0.164311481468531	0.347	0.017	1
Kifap3	0.112780907493438	-0.235774175783765	0.731	0.621	1
Jun	0.120714870678111	-0.153356685764293	0.444	0.162	1
Tf	0.124213089219116	0.00113965394910753	0.278	0.007	1
Dner	0.124932619488174	0.0310670165625668	0.352	0.145	1
Reep1	0.125317356224455	-0.233290333017711	0.625	0.369	1
Penk	0.128110902836585	0.0540957363726189	0.338	0.003	1
Cdkn2c	0.128179215875885	0.00996130651576048	0.264	0	1
Traf3	0.128509500646543	0.0226432490482626	0.338	0.003	1
Rprd1a	0.129397965659759	-0.10928852360516	0.352	0.024	1
Hspa12a	0.130749491685057	0.118033309012461	0.528	0.262	1
Crtac1	0.131332831248113	0.0333905131483324	0.347	0.021	1
Esco2	0.132494288049652	0.027913811015779	0.333	0	1
Oasl	0.132542318132088	0.0127615982531671	0.255	0.003	1
Mphosph9	0.134050289231387	0.00668916608176188	0.287	0.003	1
Stard4	0.134976682402946	-0.162482633990905	0.347	0.021	1
Hexim1	0.137834051668109	0.127092194414519	0.361	0.034	1
LOC100912489	0.139050444055249	0.274622751393861	0.296	0.031	1
Mertk	0.143728069521845	0.0220127696730615	0.278	0.003	1
Tp53inp1	0.143728069521845	-0.0823355623491723	0.278	0.003	1
Creb1	0.143945745988827	0.0152147498939203	0.278	0.003	1
Art3	0.14517286955119	0.0432037001381769	0.282	0.014	1
LOC103689961	0.146277489155012	-0.227458635517229	0.75	0.634	1
Ppp2r3a	0.149375637944631	-0.0129680369837556	0.37	0.055	1
Fbxo2	0.153320164297316	-0.48553119698895	0.389	0.2	1
Slfn13	0.153546917899656	0.0169918518007555	0.278	0.007	1
Cdh13	0.154189417025812	-0.107491631125495	0.338	0.007	1
Tnfaip8l3	0.154189417025812	-0.0606831738316643	0.338	0.007	1
Gpcpd1	0.15597010610394	0.0976280368509878	0.282	0.007	1
Dsel	0.156294970432369	0.00895886795742344	0.329	0.003	1
Tyrobp	0.156598017136607	0.0602612301331724	0.259	0	1
Camk2n1	0.156944382663784	-0.307578229156379	0.366	0.055	1
Abca8a	0.159071231483289	-0.336174110497402	0.324	0.09	1
Galnt7	0.164909901134451	-0.0529554132739024	0.282	0.01	1
Cacna1d	0.166112998553482	0.0135300645499071	0.278	0	1
Cacna2d1	0.166281204142513	-0.391562251876997	0.625	0.362	1
Zwint	0.168614780535837	-0.318840359086722	0.653	0.545	1
Aldoc	0.169309924700921	-0.338346296808638	0.398	0.203	1
Atf4	0.173518540319363	0.0603169385095079	0.454	0.179	1
Gap43	0.174395926654325	-0.223174513401315	0.833	0.769	1
Rab26	0.17670563336992	-0.0609357727304101	0.278	0.003	1
Zrsr1	0.177829861157653	-0.292854011309278	0.375	0.066	1
Gamt	0.177867892927531	-0.129669097491713	0.37	0.059	1
Crip1	0.177900842413596	-1.36005471992492	0.657	0.472	1
Rspo2	0.179339781582853	-0.267112389208419	0.37	0.062	1
Trib3	0.183417454471414	-0.154151153178871	0.338	0.01	1
AY172581.18	0.18384329864374	-0.129889978204498	0.352	0.031	1
Uchl1	0.185367351877431	-0.0169255480108381	0.935	0.907	1
Coq8b	0.187011653088121	-0.171453803234515	0.287	0.017	1
Tmsb4x	0.191369661499806	0.0878256067760734	0.991	0.997	1
Dync1i1	0.19479478598173	-0.706780830239863	0.426	0.241	1
Plk2	0.195882998338537	0.0535828518825166	0.343	0.021	1
Iqgap1	0.196857667540737	0.0382709834510906	0.333	0.003	1
Klc1	0.197402331943675	0.243728529276491	0.87	0.766	1
F12	0.198021168805264	0.0312471359895401	0.319	0	1
Syngr3	0.198991075711603	-0.0267591718803086	0.514	0.255	1
Tmem140	0.200527988784933	0.0113036861317315	0.343	0.021	1
Cldn16	0.200598971744273	0.088848874835189	0.347	0.021	1
Camk2b	0.203840440689565	-0.0475580100917226	0.463	0.197	1
Tmem54	0.209789093833201	-0.0566575280559278	0.296	0.034	1
Cyb5r1	0.210505785020354	0.0868472738945605	0.583	0.345	1
Sacs	0.211463126163577	-0.203189452118767	0.352	0.038	1
Dnajb4	0.211488497826913	-0.0566501808385379	0.366	0.059	1
Ugdh	0.21432456471568	0.0439521530649346	0.338	0.014	1
Sphk1	0.216366456930405	-0.151429544050019	0.338	0.014	1
Nuf2	0.21772573663659	0.0125494139469555	0.282	0.003	1
Brpf1	0.21772573663659	-0.00676247340421149	0.282	0.003	1
Irgm	0.21772573663659	0.0107245144003754	0.282	0.003	1
Cst6	0.220862624800747	-0.398031256989647	0.324	0.076	1
Lin7b	0.226489580774577	-0.148368347012474	0.384	0.076	1
Ier5l	0.22886292320144	-0.0750783787008604	0.329	0.007	1
Id4	0.230142872182202	0.056438687057573	0.366	0.045	1
Gstt1	0.230513625422466	-0.0552853079875429	0.315	0.003	1
Map1a	0.232045863509914	-0.329750434151731	0.731	0.593	1
Lsamp	0.234216964069283	-0.16279173120712	0.296	0.031	1
Cdh9	0.235015104279048	0.00338940490917493	0.259	0	1
Rbm33	0.237211530121413	0.360078533283729	0.292	0.007	1
Pla2g16	0.24105281099552	-0.0832967216393172	0.333	0.021	1
Tmod2	0.243188675306468	-0.158902761960214	0.38	0.083	1
Lgalsl	0.244546940227196	-0.350811787736239	0.324	0.076	1
Tubb2b	0.249418989827908	-0.299272044783934	0.611	0.476	1
Atf6	0.250581538680259	-0.270096554864813	0.301	0.034	1
Scn11a	0.253641635375221	-0.367546440070947	0.394	0.1	1
Cpne8	0.255235298411342	-0.18942242025085	0.347	0.117	1
Vim	0.256081123729796	-0.327715374361206	0.505	0.248	1
Rgs10	0.2577133282226	-0.238701635142631	0.569	0.317	1
Asphd1	0.260228322944508	0.207641273396392	0.37	0.048	1
Cdkn3	0.26074412698995	0.0203829623943644	0.338	0.014	1
Btg2	0.263102735328573	0.479317349796783	0.38	0.069	1
Scn7a	0.263204096089308	0.133286375937456	0.426	0.131	1
Dusp26	0.267447537877085	-0.257060517756653	0.606	0.448	1
Scg5	0.268591597500249	-0.584923389265971	0.481	0.307	1
Trim21	0.269743890068497	-0.081002592519959	0.333	0.01	1
Gfra3	0.277003258694481	-0.883159550192496	0.546	0.376	1
Nr4a2	0.27782951551638	-0.0128757224924495	0.31	0.003	1
Tac3	0.280618367398331	-0.00169554049628299	0.315	0.003	1
Scn9a	0.280998721651571	-0.297515947047953	0.62	0.376	1
Mrps6	0.281163069849798	-0.101555052609586	0.394	0.1	1
Bend6	0.282598916742579	-0.421276620520161	0.407	0.203	1
RGD1305733	0.285107946598037	-0.503283110607489	0.468	0.279	1
Atp6v1c2	0.288641634917763	-0.0166530093689611	0.329	0.003	1
Cpe	0.2913443484209	-0.0958613442064487	0.449	0.166	1
Hoxb5	0.292247968713788	-0.318250879101079	0.301	0.034	1
Slc2a1	0.293874703585833	-0.025828925234537	0.269	0.007	1
Scg3	0.294396170051048	-0.358501135048638	0.667	0.531	1
Rgs2	0.29680162093492	-0.257879662167831	0.306	0.045	1
Ank2	0.297249891318015	-0.29400602458104	0.694	0.455	1
Ahnak	0.298826512029971	-0.625268202713263	0.523	0.266	1
Akap12	0.307225277376617	-0.115517047922921	0.894	0.783	1
AABR07026137.1	0.309772138740757	-0.130564659905604	0.292	0.014	1
Adora2b	0.309895345571722	-0.0312956488750643	0.273	0.003	1
AABR07026112.1	0.312405906389651	-0.0191958042575263	0.292	0.014	1
Gyg1	0.312469365573767	-0.319842308344367	0.38	0.086	1
Mgll	0.314937522272847	-0.0906633636287858	0.324	0.062	1
Ccl27	0.315053624641276	-0.203329640476003	0.315	0.052	1
Hmgn5b	0.315789314653323	-0.0458338076853305	0.287	0.003	1
Pradc1	0.318745812423409	0.203198247973368	0.292	0.003	1
Syt2	0.320985123079392	-0.021364495837411	0.31	0.048	1
Gadd45a	0.326918270218234	0.0124781498165313	0.375	0.079	1
Rarres2	0.3279646011021	-0.331309569372501	0.296	0.031	1
Cpq	0.328122267742276	0.111368983082338	0.37	0.062	1
Map7d2	0.331982403777701	-0.281486324513003	0.801	0.679	1
Pcsk9	0.334715412751914	0.0373121099868418	0.292	0.007	1
Tspo	0.336539194434103	-0.147396085130995	0.338	0.024	1
Pex26	0.342409420958572	0.179810001617616	0.352	0.041	1
Lgals1	0.345999841034729	0.141945401890782	0.917	0.9	1
Qpct	0.348044550905636	-0.0768715271491543	0.296	0.021	1
Hmgn3	0.348499159105718	-0.149807578551193	0.31	0.045	1
AY172581.2	0.350081809151413	-0.00132629315872052	0.352	0.038	1
Cep85l	0.350625850921672	0.0711012336744161	0.315	0	1
Cxcl16	0.350783771097209	-0.0795147069445965	0.292	0.01	1
Hoxb7	0.352826153655268	0.0917992531539448	0.292	0.01	1
Mfge8	0.355971406613281	0.030134999293832	0.324	0	1
Ppp3ca	0.356472829557531	-0.123008845917588	0.56	0.338	1
Dnajb1	0.357059401502347	0.149232008669654	0.31	0.041	1
MGC105649	0.358555653847558	0.0917203476633087	0.292	0	1
Kntc1	0.362951789596525	-0.28299316224727	0.361	0.059	1
RF00100	0.367752615933197	0.0188682349074351	0.292	0.014	1
Lrrk1	0.369406277729747	-0.0211195232401449	0.296	0.014	1
Rbp4	0.373990336844443	0.155087825100902	0.37	0.066	1
Prmt9	0.382130661722048	-0.109532831817697	0.273	0.007	1
Map3k8	0.385038433479985	0.00885624099003364	0.292	0.003	1
AABR07035428.2	0.392176892890181	0.122608447009006	0.329	0.007	1
Dip2c	0.39311443846926	-0.0507319298778136	0.292	0.007	1
Tac1	0.407150148406767	-0.0887099058566605	0.995	0.983	1
Rgs4	0.409044270687378	-0.313118016536886	0.657	0.421	1
Polr3g	0.412504351449552	-0.51857781051633	0.551	0.307	1
Tmsb10	0.412912862855048	-0.0303055775157928	0.986	0.979	1
Hpcal1	0.415158178234643	-0.250351564154583	0.463	0.207	1
Alkal2	0.418292155693839	-0.166154940320922	0.301	0.024	1
Clic3	0.420200868906352	0.233572099316613	0.389	0.141	1
Timp1	0.425796403780373	-0.36124030400258	0.366	0.076	1
Txnrd1	0.427509468972145	-0.0609976626259228	0.398	0.117	1
Zfp128	0.42828729191922	-0.0188852796150792	0.25	0.003	1
Mdh1	0.431666010280012	-0.467937688832397	0.56	0.386	1
Cyp51	0.433273528498732	-0.318967925509154	0.685	0.517	1
Chgb	0.437832022373317	-0.164281875737935	0.472	0.214	1
Kcnip1	0.438182277152273	0.115983247713565	0.347	0.028	1
Slc8b1	0.43910912553477	-0.0149738609513468	0.292	0.003	1
Sncg	0.439715137284603	0.113538461259857	0.981	0.993	1
Emp1	0.442933623106541	-0.0855831241641511	0.338	0.028	1
Nefh	0.444734724073498	-0.380715259139232	0.505	0.324	1
Lxn	0.448028971298951	-0.120393226717376	0.796	0.672	1
Macf1	0.452096379786443	0.120065653018555	0.347	0.041	1
Npc2	0.455350769414316	-0.247077260408731	0.5	0.255	1
Timp3	0.455622151683632	-0.00617400052105127	0.333	0.024	1
Pdzrn3	0.458843815740675	-0.0564707709985187	0.324	0.007	1
Sspn	0.458843815740675	-0.00862003727715067	0.324	0.007	1
Fgf13	0.459147733187507	-0.0664593984663653	0.801	0.679	1
Ctxn3	0.459594228073362	-0.20837112575275	0.31	0.031	1
Elavl4	0.464402551468565	-0.0776035244029134	0.569	0.345	1
Acot7	0.467953777560629	-8.15366243767102e-06	0.745	0.531	1
Pmp22	0.469273763530185	0.112795059202523	0.81	0.648	1
Hopx	0.469712961692671	-0.00251638130735199	0.352	0.103	1
Calcb	0.469802445889855	0.102836212363325	0.917	0.831	1
Nomo1	0.469909846432164	-0.0218041633877253	0.333	0.021	1
Tsc22d1	0.475041620448995	0.0210921241351864	0.333	0.069	1
Gpx2	0.478366193363056	0.0623468446564395	0.491	0.245	1
Col5a3	0.480707089695676	-0.0743489391209323	0.361	0.117	1
Zfp36	0.482702014286509	0.153416086671687	0.329	0.017	1
Ptger2	0.483970145835631	0.0477588080449788	0.282	0	1
Atp6v1g2	0.484208650229368	-0.0789248555992896	0.421	0.152	1
Ahi1	0.484861728261232	0.0302888512522502	0.329	0.059	1
Msmo1	0.488312217073995	-0.375024401301784	0.435	0.179	1
Sema4a	0.488810476122426	0.00476447858575638	0.319	0	1
Pcnx2	0.488810476122426	0.00073107606647198	0.292	0	1
Aar2	0.488810476122426	-0.00629471884367892	0.292	0	1
Gabrg2	0.49270838840045	-0.260571413963956	0.343	0.034	1
Mlf1	0.497718256120138	-0.0601929000667217	0.338	0.031	1
Lgals9	0.497767760997554	-0.260095061876694	0.37	0.072	1
Snhg11	0.501087741825178	0.0034793101156585	0.426	0.162	1
Stat3	0.502876347030528	-0.575083950871244	0.579	0.403	1
Ypel3	0.502889116272995	-0.102598242151152	0.653	0.431	1
Cavin3	0.50550193329509	0.00693475067626759	0.352	0.062	1
Rasal2	0.510254860171817	-0.0103078469902115	0.333	0.028	1
Ppp2r2c	0.512720904403485	-0.111143516065564	0.319	0.01	1
Uevld	0.513940209060821	-0.00724238617727135	0.324	0.01	1
Rab3a	0.519685899023952	-0.141946995589759	0.671	0.476	1
Mpz	0.5251412901263	0.0390753802585635	0.333	0.024	1
Upf3b	0.525626901378589	-0.0527043973930209	0.366	0.11	1
Ch25h	0.530836723416467	-0.0445226091717659	0.296	0.007	1
Birc5	0.535554909820049	0.00053320637996826	0.296	0.003	1
S100a13	0.536288261092019	0.231030631773279	0.384	0.114	1
ENSRNOG00000025889	0.537200212205015	-0.369294431827629	0.588	0.362	1
Cited2	0.538909846117643	0.0645831921501488	0.352	0.052	1
Scd	0.539915317845935	-0.0570852979861899	0.319	0.045	1
Taf1c	0.546508356555172	0.0399848774504419	0.319	0.003	1
Dok5	0.547036652224928	-0.0199170045429137	0.319	0.003	1
Sod2	0.552151332089926	-0.27694359977951	0.458	0.262	1
Dusp18	0.557774535295148	-0.0942890852187179	0.329	0.017	1
Sqle	0.559799275869919	-0.0825416611604179	0.639	0.431	1
Hmgcs1	0.562647995428144	-0.394170903656753	0.454	0.252	1
Fosl1	0.573577817164539	-0.0309559865487665	0.301	0.014	1
Nuak1	0.574552543949151	-0.0941502256842398	0.287	0.01	1
Htra1	0.578485026382061	-0.365546312757581	0.407	0.148	1
Nmb	0.579158704169955	-0.306954330506618	0.356	0.117	1
Mgst1	0.581179439753622	-0.160946526644287	0.315	0.041	1
Hbegf	0.583472107375556	0.0735139802886617	0.329	0.024	1
Smc4	0.586348851617269	-0.410712913601512	0.37	0.121	1
Scn1b	0.593106901888603	-0.088669100778334	0.343	0.083	1
Slc4a4	0.594250031349388	0.0577239923070604	0.329	0.024	1
Chrna3	0.594470618116319	-0.160769670663852	0.31	0.031	1
Ier2	0.600108822115624	0.242049212848605	0.306	0.017	1
Nfe2l2	0.600350908484534	0.132644871405093	0.347	0.052	1
H3f3b	0.601252179304686	-0.38251125417631	0.546	0.334	1
LOC100910200	0.601715047665167	-0.102125928101675	0.532	0.321	1
Cd274	0.60447568396898	0.117836017794726	0.306	0.017	1
Ank3	0.605261593526773	-0.448792479224713	0.375	0.138	1
Dhfr	0.606755942627827	0.0905762867671962	0.329	0.021	1
Ggct	0.607049149289997	-0.00171367661528017	0.319	0.007	1
Zhx3	0.607049149289997	-0.0174493099821242	0.319	0.007	1
Ano3	0.609337369865908	-0.247609048677962	0.361	0.079	1
Vat1l	0.610420874513599	-0.198227324868038	0.389	0.114	1
Chp2	0.615199567066134	0.199550829684308	0.301	0.007	1
Serpina11	0.618223527307295	-0.208151145504865	0.454	0.207	1
Plekhb1	0.622355343447842	0.162542225868149	0.319	0.003	1
Hoxc9	0.62319618785459	0.0678106157315537	0.356	0.066	1
Dnaja1	0.625614258793265	-0.000613282974463392	0.778	0.683	1
Eef1a2	0.625890786401548	-0.370979483905721	0.528	0.334	1
RF00006	0.626278035610877	0.110673133505964	0.319	0.003	1
Trim59	0.632869930251981	0.0306297610108156	0.269	0	1
Ifitm3	0.634747786230125	-0.317018603606154	0.347	0.055	1
Fam162a	0.635618916220769	-0.408975105237648	0.495	0.314	1
Stk35	0.636976256611363	6.34060510118233e-06	0.296	0	1
Pmfbp1	0.636976256611363	0.00766169232636803	0.296	0	1
AABR07019088.1	0.638806493059691	-0.0915100329572271	0.31	0.024	1
Gpx1	0.640943607792519	-0.1373581448304	0.366	0.086	1
Epb41l2	0.644558044599335	0.0560754390078017	0.296	0	1
Syt4	0.646141348624491	-0.278782201887473	0.597	0.431	1
Rtn2	0.647232122205505	-0.104951042640811	0.329	0.052	1
Ntrk1	0.651860335509329	-0.390216173394754	0.491	0.307	1
Lpar1	0.661797186953372	-0.0950342727767066	0.329	0.055	1
Nefl	0.674331477288155	-0.0216875300534083	0.745	0.662	1
Svil	0.677415245780077	-0.0439051358457016	0.306	0.017	1
Gpr137	0.679792019530034	0.0778556465197026	0.333	0.024	1
Fkbp1b	0.680624766320071	0.106804237747692	0.912	0.848	1
Nefm	0.68437596525985	-0.0299468370404163	0.921	0.89	1
Cldn3	0.691293653183737	0.0620745230871622	0.301	0.007	1
Pde12	0.691293653183737	-0.0174602886793385	0.301	0.007	1
Avil	0.692440939621741	0.0211005802044694	0.398	0.121	1
Insig1	0.694352055366021	0.0123770435907397	0.343	0.072	1
Mt2A	0.700268926846107	0.151206103880207	0.31	0.021	1
AABR07004269.3	0.702313531977186	-0.373624861784031	0.356	0.076	1
Gria2	0.702500381820847	-0.25110547716979	0.333	0.038	1
Tmem59l	0.703678127310913	-0.15135130787339	0.458	0.241	1
Cks2	0.709329511559811	-0.0484654718060438	0.315	0.003	1
Ube2d1	0.711143554813587	-0.278870888258885	0.542	0.321	1
Syt1	0.71259799212784	-0.83644749993057	0.537	0.338	1
Fdx1	0.712654696050748	-0.0330917908520051	0.343	0.048	1
Gng2	0.715846552521863	-0.481743715533246	0.593	0.39	1
Car2	0.730117912027266	0.104449739171704	0.301	0	1
Clk1	0.734540522527162	0.045769179947047	0.319	0.014	1
Sct	0.734540522527162	-0.00844078703266192	0.319	0.014	1
Xrn2	0.736772704431693	-0.321630776778966	0.384	0.11	1
Ncoa7	0.73680451264345	-0.441559689682148	0.63	0.462	1
Mapt	0.737617044523682	-0.030757533288043	0.551	0.369	1
Cxcl10	0.737824190703914	0.0839307351617888	0.333	0.028	1
Plcb1	0.741382669260512	-0.380890281024324	0.361	0.086	1
Itm2b	0.743510255036218	0.0874714832286818	0.806	0.645	1
Tbx3	0.751612604303746	-0.0101159458723881	0.296	0.003	1
Mettl25	0.751612604303746	0.000947417867168645	0.296	0.003	1
Snai2	0.752914413242623	0.0108038696698754	0.301	0.003	1
Cpne6	0.756269965470779	0.08532264823085	0.333	0.038	1
Gng3	0.762004705262428	0.0409651718043884	0.884	0.841	1
Smarca5	0.766504443599528	-0.0671185098188971	0.532	0.352	1
Nasp	0.76734420740831	-0.147799702552106	0.324	0.024	1
Caly	0.772442578540808	0.031018619444023	0.394	0.134	1
Serpinb6a	0.774797895563786	0.0189388768098149	0.801	0.659	1
Wdr60	0.775841312059398	0.131509890142493	0.319	0.007	1
Nfkb1	0.775903886105337	-0.130506547733787	0.315	0.007	1
Idi1	0.778121793845871	-0.16451080612966	0.551	0.372	1
Dgke	0.782373540869869	0.0290598909657958	0.31	0.021	1
Jund	0.785951571615386	-0.260581323152896	0.389	0.148	1
Scara3	0.794744421303644	0.00673438031604544	0.306	0.003	1
Whrn	0.796150796148167	0.174023993717499	0.324	0.017	1
Ypel1	0.796221626490347	-0.089252726217499	0.296	0.01	1
Fbll1	0.796754048442431	0.119361798729642	0.324	0.017	1
L1cam	0.797816791449842	-0.356835858427464	0.366	0.11	1
Oxsm	0.804845015553747	-0.131695791739681	0.319	0.017	1
Fam76a	0.805388623010311	-0.0458662583668797	0.315	0.024	1
Rasd1	0.81772762959847	0.0493948779740168	0.301	0	1
Ccar2	0.81772762959847	0.0634872315281419	0.31	0	1
B3gat2	0.819105797846679	-0.273202419882112	0.472	0.252	1
Cplx1	0.825982599659713	0.0202132767606118	0.352	0.086	1
Epc1	0.828891614649366	0.305537872957198	0.315	0.014	1
Rnf144a	0.828985869166795	-0.319224804176335	0.356	0.1	1
Hspe1	0.830367916678504	-0.3947221589108	0.486	0.259	1
Anxa5	0.83233657863053	0.0573297955501353	0.894	0.766	1
10-Sep	0.837492454442035	-0.21666833335791	0.356	0.076	1
AC141169.2	0.842459873248007	0.0613839354112846	0.306	0.003	1
Vopp1	0.847090475687447	-0.408133290426915	0.352	0.062	1
Ivns1abp	0.857977845451453	0.548477659194598	0.398	0.128	1
Ttyh1	0.860234988305902	-0.196517802213241	0.329	0.038	1
Tarsl2	0.864508240017021	-0.0245056853495625	0.306	0.007	1
Cdo1	0.866289484226497	0.0494539163407932	0.301	0.007	1
Hmgcr	0.867245077429744	-0.0618857503492257	0.324	0.034	1
Mt-nd5	0.879284994088461	-0.0598119725994737	0.792	0.652	1
Ddit4	0.884734304267278	0.207839624886758	0.319	0.017	1
Pla2g1b	0.886047806971722	0.0158791153973038	0.31	0.003	1
Sparc	0.894322689766798	-0.558289152900658	0.454	0.228	1
Clu	0.896051643059505	0.0726263136880689	0.954	0.9	1
Kcna2	0.898932620726576	-0.217447736076938	0.324	0.041	1
Cklf	0.904970839875969	-0.299575156000707	0.324	0.031	1
Stmn3	0.905677147112256	0.091761378249319	0.903	0.828	1
Gnao1	0.906721549328809	-0.331955946051112	0.713	0.514	1
Tm4sf1	0.909381836867218	0.0202699670100222	0.315	0.014	1
Dhx57	0.913602334545621	-0.00514196964383978	0.319	0.028	1
Agl	0.916687536392853	-0.124856985009354	0.324	0.028	1
Hnrnpa2b1	0.917095320608289	-0.0829671202099909	0.685	0.507	1
Il33	0.918900244259368	0.0694861918522263	0.329	0.041	1
Epb41l3	0.920805141223053	-0.0523795415059376	0.644	0.466	1
Bcam	0.928436450414775	0.0417910239918963	0.347	0.066	1
Plp1	0.931171365796852	-0.0551891062093504	0.319	0.024	1
Adk	0.93181409984312	0.0399234562900052	0.361	0.086	1
Ly86	0.9319839495416	-0.0460804093855815	0.306	0.003	1
Arhgap24	0.9319839495416	-0.0475328595442244	0.306	0.003	1
Tmem51	0.9319839495416	0.018212867459076	0.306	0.003	1
Maff	0.935483559673999	0.188558676757273	0.31	0.003	1
Atp1a1	0.938066246178045	-0.0511806055336317	0.676	0.503	1
Twf1	0.939472816155403	0.0442345824239101	0.338	0.048	1
Hist1h2an	0.949944746733857	-0.149454058217427	0.329	0.034	1
Cd24	0.952786715374685	-0.0518172452528631	0.324	0.034	1
Eprs	0.953575636268383	0.231201273824996	0.486	0.262	1
Tspan8	0.9564381231997	-0.0781112738087995	0.782	0.6	1
Dda1	0.965259393845851	-0.307146255410559	0.565	0.379	1
Ndrg4	0.975625661976195	-0.240537417423012	0.634	0.434	1
Mtmr4	0.97637201627466	0.0229202725276438	0.301	0.003	1
Pcna	0.990887372443797	0.120105665691749	0.338	0.052	1
Ckap2	1	0.016805765348895	0.306	0	1
Hey2	1	0.0486232552348409	0.306	0	1
